"(0, 1.0)","(148, 0.0)","(136, 0.0)","(147, 0.0)","(146, 0.0)","(145, 0.0)","(144, 0.0)","(143, 0.0)","(137, 0.0)","(138, 0.0)"
"(0, 0.97808837890625)","(1, 0.02190452814102173)","(148, 0.0)","(136, 0.0)","(147, 0.0)","(146, 0.0)","(145, 0.0)","(144, 0.0)","(143, 0.0)","(137, 0.0)"
"(0, 0.9461288452148438)","(1, 0.032538190484046936)","(2, 0.021293703466653824)","(143, 0.0)","(148, 0.0)","(144, 0.0)","(145, 0.0)","(146, 0.0)","(147, 0.0)","(136, 0.0)"
"(0, 0.9555206298828125)","(3, 0.02319595217704773)","(2, 0.010702194646000862)","(1, 0.010596245527267456)","(143, 0.0)","(148, 0.0)","(144, 0.0)","(145, 0.0)","(146, 0.0)","(147, 0.0)"
"(0, 0.9525909423828125)","(3, 0.018732815980911255)","(4, 0.012489691376686096)","(1, 0.010119646787643433)","(2, 0.006068624556064606)","(144, 0.0)","(149, 0.0)","(145, 0.0)","(146, 0.0)","(147, 0.0)"
"(0, 0.9300308227539062)","(5, 0.023653224110603333)","(4, 0.023613687604665756)","(3, 0.010866373777389526)","(1, 0.006821639835834503)","(2, 0.005056170746684074)","(145, 0.0)","(146, 0.0)","(147, 0.0)","(144, 0.0)"
"(0, 0.8982038497924805)","(5, 0.041853167116642)","(6, 0.03233671188354492)","(3, 0.010433763265609741)","(1, 0.006846442818641663)","(4, 0.006249738857150078)","(2, 0.004075765609741211)","(144, 0.0)","(145, 0.0)","(146, 0.0)"
"(0, 0.918304443359375)","(6, 0.018487676978111267)","(7, 0.018362462520599365)","(5, 0.014410946518182755)","(3, 0.012683272361755371)","(1, 0.007633090019226074)","(4, 0.005050845444202423)","(2, 0.005044301971793175)","(144, 0.0)","(145, 0.0)"
"(0, 0.9166412353515625)","(8, 0.023716211318969727)","(5, 0.01860441453754902)","(6, 0.011118525639176369)","(7, 0.009750992059707642)","(3, 0.006441518664360046)","(1, 0.006276950240135193)","(2, 0.003807464614510536)","(4, 0.0036905109882354736)","(145, 0.0)"
"(0, 0.9209508895874023)","(8, 0.03388906270265579)","(9, 0.016011357307434082)","(6, 0.009619303047657013)","(5, 0.005080312490463257)","(1, 0.003761202096939087)","(7, 0.0034953169524669647)","(3, 0.003465082496404648)","(2, 0.002028653398156166)","(4, 0.0016820859163999557)"
"(0, 0.8622093200683594)","(10, 0.04985550045967102)","(8, 0.025933153927326202)","(9, 0.014182992279529572)","(6, 0.011751554906368256)","(3, 0.008279707282781601)","(7, 0.0072084516286849976)","(2, 0.006898671388626099)","(5, 0.006047885864973068)","(1, 0.005670927464962006)"
"(0, 0.8662528991699219)","(10, 0.04359300434589386)","(11, 0.029912114143371582)","(3, 0.009938295930624008)","(6, 0.00873412936925888)","(2, 0.007214410230517387)","(1, 0.006959706544876099)","(9, 0.006801344454288483)","(7, 0.006549373269081116)","(5, 0.006442513316869736)"
"(12, 0.4281578063964844)","(0, 0.42547607421875)","(1, 0.023487329483032227)","(11, 0.020005106925964355)","(10, 0.015347540378570557)","(2, 0.014774680137634277)","(6, 0.012815296649932861)","(3, 0.012762904167175293)","(9, 0.010193794965744019)","(5, 0.010034561157226562)"
"(0, 0.5168075561523438)","(12, 0.38886260986328125)","(11, 0.015149608254432678)","(13, 0.014639690518379211)","(2, 0.012823952361941338)","(10, 0.01185951754450798)","(5, 0.009770317003130913)","(6, 0.007659438997507095)","(3, 0.006176739931106567)","(1, 0.005371958017349243)"
"(0, 0.5064563751220703)","(12, 0.380615234375)","(14, 0.03134559094905853)","(13, 0.014952987432479858)","(11, 0.011401355266571045)","(1, 0.010355621576309204)","(10, 0.0071805864572525024)","(3, 0.006360962986946106)","(2, 0.006347730755805969)","(6, 0.005769841372966766)"
"(0, 0.5151495933532715)","(12, 0.38065671920776367)","(14, 0.03213129937648773)","(15, 0.021908193826675415)","(11, 0.0074366554617881775)","(1, 0.00671839714050293)","(10, 0.006667114794254303)","(5, 0.005120476707816124)","(6, 0.004758443683385849)","(3, 0.0036698225885629654)"
"(0, 0.5239295959472656)","(12, 0.3918914794921875)","(15, 0.02342218905687332)","(16, 0.01242787390947342)","(14, 0.008830226957798004)","(10, 0.008073940873146057)","(11, 0.007482074201107025)","(1, 0.004506990313529968)","(6, 0.004052883014082909)","(3, 0.002865627408027649)"
"(0, 0.5117263793945312)","(12, 0.394500732421875)","(16, 0.029945164918899536)","(17, 0.019029982388019562)","(15, 0.0063630081713199615)","(14, 0.0054131168872118)","(10, 0.005291752517223358)","(5, 0.004743529483675957)","(11, 0.003914143890142441)","(1, 0.003910712897777557)"
"(0, 0.517669677734375)","(12, 0.39296722412109375)","(18, 0.02332577109336853)","(17, 0.013310961425304413)","(16, 0.011420898139476776)","(14, 0.005833987146615982)","(15, 0.005644623190164566)","(11, 0.0044262465089559555)","(10, 0.004237445071339607)","(1, 0.004168011248111725)"
"(0, 0.5093765258789062)","(12, 0.38716888427734375)","(18, 0.022798597812652588)","(16, 0.016024179756641388)","(19, 0.013016343116760254)","(17, 0.01062515377998352)","(1, 0.005078865215182304)","(14, 0.0048653800040483475)","(10, 0.004411851987242699)","(15, 0.0036969073116779327)"
"(0, 0.5118026733398438)","(12, 0.3999195098876953)","(18, 0.02290211245417595)","(16, 0.017198216170072556)","(20, 0.007800392806529999)","(17, 0.007083304226398468)","(19, 0.004213530570268631)","(10, 0.0041615962982177734)","(5, 0.0035502277314662933)","(15, 0.003428136929869652)"
"(0, 0.5058155059814453)","(12, 0.3977522850036621)","(21, 0.0455445721745491)","(20, 0.0267708171159029)","(17, 0.004422597587108612)","(18, 0.0034065861254930496)","(19, 0.002610625699162483)","(16, 0.0022400803864002228)","(14, 0.0017173830419778824)","(1, 0.0015936978161334991)"
"(0, 0.5160903930664062)","(12, 0.3955497741699219)","(22, 0.011459581553936005)","(21, 0.011381302028894424)","(18, 0.011016052216291428)","(16, 0.006708383560180664)","(14, 0.006255606189370155)","(10, 0.004923006519675255)","(17, 0.004917562007904053)","(20, 0.0044924356043338776)"
"(0, 0.46463489532470703)","(12, 0.3630542755126953)","(22, 0.037545401602983475)","(23, 0.032674551010131836)","(14, 0.01781637966632843)","(18, 0.012834424152970314)","(15, 0.011930255219340324)","(16, 0.010550688952207565)","(21, 0.008051939308643341)","(20, 0.00482071191072464)"
"(0, 0.4827840328216553)","(12, 0.36574816703796387)","(23, 0.028950028121471405)","(14, 0.022920183837413788)","(24, 0.016108378767967224)","(16, 0.008439194411039352)","(22, 0.007856041193008423)","(21, 0.006624676287174225)","(18, 0.006464041769504547)","(15, 0.005932262167334557)"
"(0, 0.4778308868408203)","(12, 0.3556084632873535)","(23, 0.019551008939743042)","(14, 0.017188986763358116)","(6, 0.016901755705475807)","(25, 0.013660445809364319)","(15, 0.012665731832385063)","(24, 0.011551402509212494)","(5, 0.011300625279545784)","(10, 0.009608615189790726)"
"(0, 0.4863395690917969)","(12, 0.3655967712402344)","(26, 0.03208780288696289)","(23, 0.02554621547460556)","(25, 0.01594260334968567)","(24, 0.009273134171962738)","(6, 0.006837490946054459)","(14, 0.006435167044401169)","(11, 0.0055734142661094666)","(22, 0.005541648715734482)"
"(0, 0.47292327880859375)","(12, 0.40264320373535156)","(27, 0.09373950958251953)","(1, 0.004028148949146271)","(23, 0.002591371536254883)","(26, 0.0020217299461364746)","(25, 0.0018711816519498825)","(3, 0.0015695728361606598)","(24, 0.001471828669309616)","(20, 0.0012809988111257553)"
"(0, 0.4631996154785156)","(12, 0.3408775329589844)","(27, 0.07570600509643555)","(23, 0.021416153758764267)","(28, 0.01723191887140274)","(26, 0.015445813536643982)","(24, 0.005235016345977783)","(25, 0.004794619977474213)","(22, 0.00455833412706852)","(21, 0.004099816083908081)"
"(0, 0.4355931282043457)","(12, 0.3233952522277832)","(27, 0.07483804225921631)","(28, 0.03667004406452179)","(29, 0.02481386810541153)","(23, 0.018635034561157227)","(26, 0.012057045474648476)","(14, 0.008967086672782898)","(22, 0.008247874677181244)","(24, 0.006880771368741989)"
"(0, 0.44897985458374023)","(12, 0.32366037368774414)","(27, 0.08425819873809814)","(30, 0.04434633255004883)","(23, 0.010381288826465607)","(14, 0.009660713374614716)","(29, 0.008607350289821625)","(26, 0.006846468895673752)","(1, 0.006134558469057083)","(2, 0.0039811767637729645)"
"(0, 0.4764060974121094)","(12, 0.3655662536621094)","(27, 0.05543088912963867)","(31, 0.035151589661836624)","(30, 0.027156390249729156)","(1, 0.004589542746543884)","(29, 0.0038494765758514404)","(23, 0.0036597251892089844)","(2, 0.0025255028158426285)","(26, 0.0023449286818504333)"
"(0, 0.48760223388671875)","(12, 0.3771858215332031)","(27, 0.05414104461669922)","(32, 0.027881097048521042)","(31, 0.011507472023367882)","(30, 0.010670289397239685)","(1, 0.003638334572315216)","(26, 0.002339877188205719)","(23, 0.0022351816296577454)","(29, 0.0021194517612457275)"
"(0, 0.498321533203125)","(12, 0.3624420166015625)","(27, 0.07178735733032227)","(33, 0.016022831201553345)","(30, 0.005547605454921722)","(32, 0.0050277747213840485)","(1, 0.005001097917556763)","(31, 0.0034926943480968475)","(29, 0.0026977993547916412)","(23, 0.0024410169571638107)"
"(0, 0.4505453109741211)","(12, 0.3284311294555664)","(34, 0.08225373923778534)","(27, 0.06143179535865784)","(33, 0.031316399574279785)","(30, 0.006631799042224884)","(32, 0.006456345319747925)","(1, 0.005268603563308716)","(31, 0.0033394861966371536)","(2, 0.002044878900051117)"
"(0, 0.4870278835296631)","(12, 0.37631547451019287)","(27, 0.04374995082616806)","(35, 0.00479870056733489)","(33, 0.002379311714321375)","(30, 0.001380531000904739)","(32, 0.0013296727556735277)","(1, 0.0012377474922686815)","(34, 0.0009830297203734517)","(31, 0.0008272771956399083)"
"(0, 0.4970684051513672)","(12, 0.3881058692932129)","(27, 0.041417356580495834)","(36, 0.0024584801867604256)","(35, 0.0017482746625319123)","(1, 0.0008080373518168926)","(30, 0.0006359132239595056)","(23, 0.00031325232703238726)","(26, 0.0003082742914557457)","(33, 0.0003052004612982273)"
"(0, 0.4879913330078125)","(12, 0.38708770275115967)","(27, 0.03791309893131256)","(37, 0.002637765370309353)","(36, 0.0013961857184767723)","(35, 0.001098349690437317)","(1, 0.0006583750946447253)","(30, 0.00044004921801388264)","(23, 0.0002948680194094777)","(26, 0.00025245663709938526)"
"(0, 0.4827961325645447)","(12, 0.39059755206108093)","(27, 0.036395736038684845)","(38, 0.0026207841001451015)","(37, 0.0015004761517047882)","(35, 0.000717600341886282)","(1, 0.0006675304612144828)","(36, 0.0005292535061016679)","(30, 0.00035837560426443815)","(23, 0.00022175535559654236)"
"(0, 0.4835018217563629)","(12, 0.3929080665111542)","(27, 0.03409130498766899)","(39, 0.0027861897833645344)","(38, 0.0012497039278969169)","(1, 0.000627294066362083)","(37, 0.0005671405233442783)","(35, 0.0004049475828651339)","(36, 0.00033997255377471447)","(30, 0.00032827374525368214)"
"(0, 0.48825204372406006)","(12, 0.3905717134475708)","(27, 0.033291999250650406)","(40, 0.0020745990332216024)","(39, 0.0013776940759271383)","(38, 0.0005583417369052768)","(35, 0.0005046910373494029)","(37, 0.0004718923883046955)","(1, 0.0004101007943972945)","(36, 0.0002897719095926732)"
"(0, 0.49098336696624756)","(12, 0.3860968351364136)","(27, 0.037360332906246185)","(41, 0.0019794823601841927)","(40, 0.0010329216020181775)","(35, 0.0005977306282147765)","(39, 0.0004515406326390803)","(1, 0.00040635792538523674)","(38, 0.00038567313458770514)","(37, 0.00038104134728200734)"
"(0, 0.4893559217453003)","(12, 0.39007431268692017)","(27, 0.03780178725719452)","(42, 0.0018241541692987084)","(41, 0.0008801771909929812)","(35, 0.000507763703353703)","(1, 0.0004569134907796979)","(40, 0.00044956052443012595)","(37, 0.00036558235296979547)","(36, 0.0003569895343389362)"
"(0, 0.48431456089019775)","(12, 0.39186394214630127)","(27, 0.036936044692993164)","(43, 0.0017397558549419045)","(42, 0.0008789756102487445)","(35, 0.0006299406522884965)","(37, 0.0004406654625199735)","(40, 0.0003902623138856143)","(1, 0.0003801848506554961)","(36, 0.00034278060775250196)"
"(0, 0.47953176498413086)","(12, 0.3919776678085327)","(27, 0.034301407635211945)","(44, 0.0025781532749533653)","(43, 0.0008769057458266616)","(35, 0.0004037801409140229)","(37, 0.0003841020225081593)","(38, 0.00034043597406707704)","(1, 0.0003161958884447813)","(40, 0.00026268084184266627)"
"(0, 0.49304115772247314)","(12, 0.4014444351196289)","(27, 0.0338108204305172)","(45, 0.0022006260696798563)","(44, 0.0006705022533424199)","(1, 0.00033083197195082903)","(43, 0.00027172485715709627)","(35, 0.0002538883127272129)","(23, 0.00020562345162034035)","(39, 0.0001721149601507932)"
"(0, 0.49366825819015503)","(12, 0.39910396933555603)","(27, 0.035891786217689514)","(46, 0.0019173999316990376)","(45, 0.0010164411505684257)","(1, 0.00033292057923972607)","(23, 0.00023610738571733236)","(35, 0.0002124042803188786)","(30, 0.000182856572791934)","(43, 0.00017433299217373133)"
"(0, 0.48524200916290283)","(12, 0.3931811451911926)","(27, 0.0343322679400444)","(47, 0.0021066300105303526)","(46, 0.0005454352940432727)","(35, 0.00047466057003475726)","(45, 0.00041950837476179004)","(1, 0.00032324844505637884)","(23, 0.0002985362662002444)","(30, 0.00027017039246857166)"
"(0, 0.4835793972015381)","(12, 0.40300452709198)","(27, 0.03224588558077812)","(48, 0.0016996891936287284)","(47, 0.0008300376357510686)","(35, 0.0005272331763990223)","(1, 0.00028464547358453274)","(37, 0.00023986220185179263)","(30, 0.00022186688147485256)","(43, 0.00021004118025302887)"
"(0, 0.47943150997161865)","(12, 0.4079257845878601)","(27, 0.03233735263347626)","(49, 0.0017269635573029518)","(48, 0.0007678651600144804)","(35, 0.00046525165089406073)","(47, 0.000325465458445251)","(1, 0.0002934519434347749)","(43, 0.00021769035083707422)","(37, 0.000214955594856292)"
"(0, 0.48213624954223633)","(12, 0.4189441204071045)","(27, 0.029766589403152466)","(50, 0.0016958521446213126)","(49, 0.0005353139131329954)","(48, 0.0003070425591431558)","(35, 0.0002590538060758263)","(1, 0.00021152780391275883)","(47, 0.00020388943084981292)","(37, 0.00020167697221040726)"
"(0, 0.5003805160522461)","(12, 0.42563438415527344)","(27, 0.02183033898472786)","(51, 0.0024931645020842552)","(50, 0.0001713365054456517)","(1, 0.00013804924674332142)","(35, 7.560685480711982e-05)","(37, 5.990121280774474e-05)","(48, 5.035755748394877e-05)","(38, 4.8998044803738594e-05)"
"(0, 0.4988861083984375)","(12, 0.4257330894470215)","(27, 0.020380351692438126)","(52, 0.0017863831017166376)","(51, 0.0011754935840144753)","(1, 0.00021893216762691736)","(35, 6.10420829616487e-05)","(40, 3.9630620449315757e-05)","(37, 3.695566556416452e-05)","(39, 3.6679608456324786e-05)"
"(0, 0.501086950302124)","(12, 0.4250361919403076)","(27, 0.019349433481693268)","(53, 0.0017412180313840508)","(52, 0.0009525990462861955)","(51, 0.0002985100436490029)","(1, 0.00017790659330785275)","(35, 5.821295781061053e-05)","(23, 3.9263744838535786e-05)","(40, 3.571065462892875e-05)"
"(0, 0.5033726692199707)","(12, 0.4275846481323242)","(27, 0.018464788794517517)","(54, 0.0016779116122052073)","(53, 0.0007684598676860332)","(52, 0.0002055713557638228)","(1, 0.00016743585001677275)","(51, 0.00013368064537644386)","(35, 6.122334161773324e-05)","(23, 4.4288928620517254e-05)"
"(0, 0.503626823425293)","(12, 0.43155479431152344)","(27, 0.01770973950624466)","(55, 0.0014952314086258411)","(54, 0.0007817757432349026)","(1, 0.00017737841699272394)","(53, 0.0001622793060960248)","(52, 8.15925668575801e-05)","(51, 8.117470133583993e-05)","(35, 6.509996455861256e-05)"
"(0, 0.5031142234802246)","(12, 0.4292926788330078)","(27, 0.0180014930665493)","(56, 0.0014904700219631195)","(55, 0.0008114317897707224)","(54, 0.00018191247363574803)","(1, 0.00014372938312590122)","(51, 9.00023733265698e-05)","(53, 7.801944593666121e-05)","(35, 7.385142089333385e-05)"
"(0, 0.5069317817687988)","(12, 0.43010759353637695)","(27, 0.0167238749563694)","(57, 0.0014343453804031014)","(56, 0.0006930169765837491)","(55, 0.0001553576730657369)","(51, 9.55694486037828e-05)","(1, 8.997402619570494e-05)","(54, 6.826869503129274e-05)","(35, 6.735517672495916e-05)"
"(0, 0.5057344436645508)","(12, 0.4335193634033203)","(27, 0.015780752524733543)","(58, 0.001379756722599268)","(57, 0.0006843805895186961)","(56, 0.00014577608089894056)","(1, 8.874770719558e-05)","(51, 7.671838829992339e-05)","(55, 6.507044599857181e-05)","(35, 6.401912105502561e-05)"
"(0, 0.5013327598571777)","(12, 0.4360642433166504)","(27, 0.015504240989685059)","(59, 0.0014539926778525114)","(58, 0.0007156428182497621)","(57, 0.00015609929687343538)","(1, 0.00011551077477633953)","(56, 6.354787183227018e-05)","(51, 6.207544356584549e-05)","(53, 5.4394666221924126e-05)"
"(0, 0.5001468658447266)","(12, 0.43605899810791016)","(27, 0.015029164031147957)","(60, 0.0014717330923303962)","(59, 0.0007490852731280029)","(58, 0.000167376478202641)","(1, 9.48591623455286e-05)","(57, 7.033463771222159e-05)","(54, 5.633523687720299e-05)","(51, 5.211570532992482e-05)"
"(0, 0.4996633529663086)","(12, 0.4352073669433594)","(27, 0.015170363709330559)","(61, 0.0014780209166929126)","(60, 0.000828271615318954)","(59, 0.00015860560233704746)","(1, 8.030759636312723e-05)","(58, 6.730085442541167e-05)","(51, 5.9989848523400724e-05)","(55, 5.1897979574278e-05)"
"(0, 0.49730491638183594)","(12, 0.4364156723022461)","(27, 0.014863422140479088)","(62, 0.001498704426921904)","(61, 0.0008299506735056639)","(60, 0.0002053180942311883)","(1, 7.860292680561543e-05)","(59, 7.408321835100651e-05)","(51, 6.093229603720829e-05)","(56, 5.203553882893175e-05)"
"(0, 0.5001535415649414)","(12, 0.4371790885925293)","(27, 0.014214251190423965)","(63, 0.001372629078105092)","(62, 0.0007762852474115789)","(61, 0.00019896510639227927)","(60, 8.82821113918908e-05)","(1, 6.785138975828886e-05)","(51, 6.137554737506434e-05)","(57, 4.8619571316521615e-05)"
"(0, 0.500333309173584)","(12, 0.4385395050048828)","(27, 0.0135002750903368)","(64, 0.0013880637707188725)","(63, 0.0007076566689647734)","(62, 0.0001765339693520218)","(61, 8.448208245681599e-05)","(1, 6.19613565504551e-05)","(60, 5.898861854802817e-05)","(51, 5.822806269861758e-05)"
"(0, 0.4989495277404785)","(12, 0.4441390037536621)","(27, 0.012860779650509357)","(65, 0.0013188571901991963)","(64, 0.0006201611249707639)","(63, 0.00014852467575110495)","(62, 6.917442806297913e-05)","(1, 5.931325722485781e-05)","(60, 5.779937782790512e-05)","(61, 5.3637399105355144e-05)"
"(0, 0.49434995651245117)","(12, 0.44489097595214844)","(27, 0.01262824796140194)","(66, 0.0015045118052512407)","(65, 0.0006550010293722153)","(64, 0.0001467416004743427)","(1, 7.539975922554731e-05)","(60, 6.792392377974465e-05)","(63, 6.737551302649081e-05)","(61, 6.293389742495492e-05)"
"(0, 0.4771244525909424)","(12, 0.42364072799682617)","(27, 0.020888742059469223)","(67, 0.0023049060255289078)","(66, 0.0006544822826981544)","(1, 0.0002240216126665473)","(35, 0.0001451519492547959)","(65, 0.00012119153689127415)","(37, 0.00011029127927031368)","(38, 0.0001011444182950072)"
"(0, 0.4778413772583008)","(12, 0.42373085021972656)","(27, 0.02051427774131298)","(68, 0.001706337439827621)","(67, 0.0011797759216278791)","(66, 0.00023037656501401216)","(1, 0.000189485726878047)","(35, 0.000181509560206905)","(6, 0.00012000068090856075)","(30, 0.00011803198140114546)"
"(0, 0.4660193920135498)","(12, 0.4196426272392273)","(27, 0.016222691163420677)","(69, 0.003572362009435892)","(68, 0.0005392974708229303)","(67, 0.0004368334193713963)","(1, 0.00015941006131470203)","(35, 0.00013032808783464134)","(39, 0.00012554862769320607)","(23, 0.00011938519310206175)"
"(0, 0.4724564552307129)","(12, 0.41289007663726807)","(27, 0.01870318129658699)","(70, 0.002184635028243065)","(69, 0.0013672409113496542)","(67, 0.00044022122165188193)","(68, 0.0004145441926084459)","(35, 0.0001505886175436899)","(1, 0.00014025263953953981)","(23, 0.00011241692118346691)"
"(0, 0.4888068437576294)","(12, 0.41999900341033936)","(27, 0.020263509824872017)","(71, 0.001503347884863615)","(70, 0.0006446565967053175)","(69, 0.00041226926259696484)","(67, 0.00027216406306251884)","(68, 0.00022303208243101835)","(1, 0.0001342288451269269)","(35, 0.00011473972699604928)"
"(0, 0.4797353744506836)","(12, 0.4255979061126709)","(27, 0.020177455618977547)","(72, 0.0018463579472154379)","(71, 0.0005456230719573796)","(67, 0.00028287366149015725)","(69, 0.0002632182149682194)","(70, 0.00023761909687891603)","(68, 0.00019523996161296964)","(1, 0.0001322891330346465)"
"(0, 0.46470046043395996)","(12, 0.4222531318664551)","(27, 0.021625904366374016)","(73, 0.00206280336715281)","(72, 0.0008608972420915961)","(67, 0.0003673799510579556)","(71, 0.00025916684535332024)","(69, 0.00022778345737606287)","(1, 0.00019669521134346724)","(70, 0.00018778035882860422)"
"(0, 0.4696369767189026)","(12, 0.4241185784339905)","(27, 0.018627677112817764)","(74, 0.0016419545281678438)","(73, 0.0004462299111764878)","(67, 0.00038375993608497083)","(72, 0.0003026104241143912)","(69, 0.0002713010471779853)","(68, 0.0002223050978500396)","(35, 0.00019548585987649858)"
"(0, 0.48034965991973877)","(12, 0.4283452033996582)","(27, 0.01803736388683319)","(75, 0.001521736616268754)","(74, 0.0009081139578483999)","(72, 0.00020907053840346634)","(69, 0.00019925975357182324)","(73, 0.00019707235333044082)","(67, 0.00017439144721720368)","(1, 0.0001426271628588438)"
"(0, 0.4704340696334839)","(12, 0.4128109812736511)","(27, 0.022796666249632835)","(76, 0.0021933470852673054)","(75, 0.0005071217310614884)","(74, 0.0002757663605734706)","(69, 0.00025000673485919833)","(73, 0.00021891252254135907)","(70, 0.0001980662636924535)","(72, 0.0001895638124551624)"
"(0, 0.4710930585861206)","(12, 0.41323983669281006)","(27, 0.021312333643436432)","(77, 0.0021087697241455317)","(76, 0.0006283234688453376)","(67, 0.0002682118793018162)","(73, 0.0001948149292729795)","(75, 0.00019081676146015525)","(72, 0.0001760281011229381)","(69, 0.00017439121438656002)"
"(0, 0.4746420383453369)","(12, 0.41874444484710693)","(27, 0.020401956513524055)","(78, 0.0023279888555407524)","(77, 0.0003721989050973207)","(76, 0.0001977673382498324)","(67, 0.00017259229207411408)","(72, 0.0001605575962457806)","(73, 0.00014495707000605762)","(69, 0.00013333559036254883)"
"(0, 0.47144195437431335)","(12, 0.43061521649360657)","(27, 0.02011914551258087)","(79, 0.0018005331512540579)","(78, 0.0006580865592695773)","(76, 0.00017525130533613265)","(1, 0.00017234787810593843)","(67, 0.00017224025214090943)","(77, 0.00016192192560993135)","(69, 0.0001406415249221027)"
"(0, 0.46117809414863586)","(12, 0.42752698063850403)","(27, 0.018801923841238022)","(80, 0.0018982989713549614)","(79, 0.0009073094697669148)","(67, 0.00026704295305535197)","(78, 0.0002164885518141091)","(1, 0.0001971510937437415)","(76, 0.00016785004117991775)","(35, 0.00015667203115299344)"
"(0, 0.4745948314666748)","(12, 0.427878737449646)","(27, 0.017374172806739807)","(81, 0.0020460679661482573)","(80, 0.0004973525647073984)","(79, 0.0002688479144126177)","(23, 0.0001666784519329667)","(76, 0.0001616141089471057)","(1, 0.00014694116543978453)","(67, 0.00014352938160300255)"
"(0, 0.47078824043273926)","(12, 0.43077731132507324)","(27, 0.01713157817721367)","(82, 0.0016247160965576768)","(81, 0.0006522351177409291)","(79, 0.00023036450147628784)","(80, 0.00022528019326273352)","(35, 0.0002086094464175403)","(1, 0.00017925282008945942)","(23, 0.00016127957496792078)"
"(0, 0.4629485607147217)","(12, 0.4157752990722656)","(27, 0.017840441316366196)","(83, 0.002656057011336088)","(82, 0.000531519646756351)","(35, 0.0003977585583925247)","(1, 0.00020353076979517937)","(36, 0.0001846987142926082)","(81, 0.00017295090947300196)","(67, 0.00015652808360755444)"
"(0, 0.47272443771362305)","(12, 0.41904306411743164)","(27, 0.016878528520464897)","(84, 0.002174040535464883)","(83, 0.0011526988819241524)","(35, 0.00016390800010412931)","(82, 0.000153475470142439)","(79, 0.00013620470417663455)","(81, 0.00012528777006082237)","(78, 0.00012436277756933123)"
"(0, 0.4652390480041504)","(12, 0.4184612035751343)","(27, 0.015837352722883224)","(85, 0.002568618394434452)","(84, 0.0008857907960191369)","(83, 0.0005474431090988219)","(35, 0.00017424374527763575)","(79, 0.0001434711302863434)","(6, 0.0001259200507774949)","(67, 0.0001235902454936877)"
"(0, 0.4613814949989319)","(12, 0.42614784836769104)","(27, 0.017145901918411255)","(86, 0.0025588644202798605)","(85, 0.0005982299917377532)","(83, 0.00029609992634505033)","(84, 0.00027829184546135366)","(11, 0.00018017482943832874)","(69, 0.00016271947242785245)","(1, 0.00013065373059362173)"
"(0, 0.45747900009155273)","(12, 0.4256518483161926)","(27, 0.014872461557388306)","(87, 0.0024850827176123857)","(86, 0.0008671314571984112)","(85, 0.000317022146191448)","(83, 0.00030797391082160175)","(84, 0.00030629104003310204)","(67, 0.00016055535525083542)","(69, 0.00014049425953999162)"
"(0, 0.47043097019195557)","(12, 0.42315399646759033)","(27, 0.016125837340950966)","(88, 0.001710838289000094)","(87, 0.0008486717706546187)","(86, 0.00029609829653054476)","(85, 0.00023650447838008404)","(83, 0.00022900436306372285)","(84, 0.0001761785097187385)","(78, 0.00014613804523833096)"
"(0, 0.4666402339935303)","(12, 0.41652655601501465)","(27, 0.01755191758275032)","(89, 0.0015898104757070541)","(88, 0.0010729467030614614)","(87, 0.0004222298739477992)","(83, 0.0002786915865726769)","(86, 0.0002647611254360527)","(69, 0.00017208524513989687)","(85, 0.00015848211478441954)"
"(0, 0.47149932384490967)","(12, 0.42674219608306885)","(27, 0.015765484422445297)","(90, 0.0012831578496843576)","(89, 0.0007146526477299631)","(88, 0.00037269142922014)","(83, 0.0002991624642163515)","(87, 0.00028029887471348047)","(86, 0.00018497271230444312)","(84, 0.0001837837917264551)"
"(0, 0.4643680453300476)","(12, 0.4206543564796448)","(27, 0.016297321766614914)","(91, 0.0022200727835297585)","(90, 0.00044976858771406114)","(88, 0.0002531841164454818)","(85, 0.0002446089347358793)","(89, 0.0002301936037838459)","(83, 0.00022462577908299863)","(84, 0.00022406451171264052)"
"(0, 0.46228277683258057)","(12, 0.42843687534332275)","(27, 0.01406259648501873)","(92, 0.001846406259573996)","(91, 0.0010379087179899216)","(88, 0.00023779759067110717)","(83, 0.0002272415440529585)","(87, 0.0002094066294375807)","(85, 0.00020030763698741794)","(84, 0.00018690897559281439)"
"(0, 0.4616342782974243)","(12, 0.43154919147491455)","(27, 0.014289295300841331)","(93, 0.0023513452615588903)","(92, 0.0010340450098738074)","(87, 0.00019368654466234148)","(83, 0.00019332845113240182)","(91, 0.00015933456597849727)","(88, 0.00015584862558171153)","(84, 0.00014970947813708335)"
"(0, 0.4631626009941101)","(12, 0.422874391078949)","(27, 0.016183732077479362)","(94, 0.0023432679008692503)","(93, 0.0011417870409786701)","(92, 0.00029152666684240103)","(91, 0.00016732887888792902)","(88, 0.00016253202920779586)","(83, 0.00015290046576410532)","(87, 0.00014429882867261767)"
"(0, 0.4696972966194153)","(12, 0.4223470687866211)","(27, 0.016415581107139587)","(95, 0.001811784110032022)","(94, 0.0006651092553511262)","(93, 0.00034269446041435003)","(92, 0.0001990536111406982)","(83, 0.0001811452821129933)","(88, 0.00017095901421271265)","(91, 0.00014354861923493445)"
"(0, 0.47024184465408325)","(12, 0.4269261360168457)","(27, 0.015353758819401264)","(96, 0.0014991996577009559)","(95, 0.0009325154242105782)","(83, 0.00024388273595832288)","(93, 0.0001782042090781033)","(94, 0.00014706933870911598)","(1, 0.00014362635556608438)","(35, 0.00013242792920209467)"
"(0, 0.4667154550552368)","(12, 0.4295004606246948)","(27, 0.014804773032665253)","(97, 0.002022834960371256)","(96, 0.0007668923353776336)","(95, 0.00017078414384741336)","(83, 0.00014440520317293704)","(1, 0.00013295060489326715)","(91, 0.00011664526391541585)","(35, 0.00011545052984729409)"
"(0, 0.4740641117095947)","(12, 0.4274188280105591)","(27, 0.014710749499499798)","(98, 0.0013669703621417284)","(97, 0.0008851896272972226)","(96, 0.000222535731154494)","(35, 0.0001566088030813262)","(83, 0.00013152809697203338)","(95, 0.00010940499487333)","(78, 0.00010506452235858887)"
"(0, 0.46235334873199463)","(12, 0.4254523515701294)","(27, 0.014869826845824718)","(99, 0.002428996143862605)","(98, 0.0005870301392860711)","(35, 0.00025538180489093065)","(97, 0.00021005017333664)","(83, 0.00015010515926405787)","(96, 0.00013359003060031682)","(87, 0.00011111260391771793)"
"(0, 0.4603567123413086)","(12, 0.42995643615722656)","(27, 0.014928242191672325)","(100, 0.0020970897749066353)","(99, 0.0011480727698653936)","(35, 0.00015049433568492532)","(98, 0.00014862828538753092)","(97, 0.00014583578740712255)","(83, 0.00012677493214141577)","(87, 0.00011447335418779403)"
"(0, 0.4632750451564789)","(12, 0.42916610836982727)","(27, 0.013514797203242779)","(101, 0.002309350995346904)","(100, 0.0009495711419731379)","(99, 0.000432891451055184)","(97, 0.00011918810196220875)","(88, 0.00010459981422172859)","(98, 0.00010359181032981724)","(83, 9.618343756301329e-05)"
"(0, 0.4607914090156555)","(12, 0.43163353204727173)","(27, 0.012922043912112713)","(102, 0.0021276422776281834)","(101, 0.0008011366007849574)","(100, 0.0003735229838639498)","(99, 0.000322596199112013)","(35, 0.00011694191925926134)","(97, 0.00010763666068669409)","(69, 0.00010561570525169373)"
"(0, 0.45806121826171875)","(12, 0.43714070320129395)","(27, 0.013105005025863647)","(103, 0.001997030572965741)","(102, 0.0009784868452697992)","(101, 0.000299858336802572)","(100, 0.00023541483096778393)","(99, 0.00018966500647366047)","(69, 0.0001513202441856265)","(97, 9.697717177914456e-05)"
"(0, 0.46181023120880127)","(12, 0.43668580055236816)","(27, 0.012992996722459793)","(104, 0.0018188301473855972)","(103, 0.0009424826712347567)","(102, 0.00035004032542929053)","(101, 0.0002490597253199667)","(99, 0.0001583470730111003)","(100, 0.00014949135947972536)","(69, 0.0001457997423131019)"
"(0, 0.4653211832046509)","(12, 0.4343661069869995)","(27, 0.01289822906255722)","(105, 0.0016719892155379057)","(104, 0.0008618177380412817)","(103, 0.00036703204386867583)","(99, 0.00023907472495920956)","(102, 0.00022958588670007885)","(101, 0.00016780724399723113)","(100, 0.00014392685261555016)"
"(0, 0.4668658375740051)","(12, 0.4348919987678528)","(27, 0.012247379869222641)","(106, 0.0014716429868713021)","(105, 0.0009689607541076839)","(104, 0.0002918637474067509)","(103, 0.0002500147675164044)","(99, 0.00021759812079835683)","(100, 0.00017946350271813571)","(102, 0.00016496714670211077)"
"(0, 0.46021127700805664)","(12, 0.4265352487564087)","(27, 0.012458248063921928)","(107, 0.0019378107972443104)","(106, 0.0004916486795991659)","(105, 0.0003307941369712353)","(104, 0.00022267427993938327)","(103, 0.00022241155966185033)","(99, 0.000193377782125026)","(101, 0.00017558391846250743)"
"(0, 0.46134620904922485)","(12, 0.43571215867996216)","(27, 0.011115238070487976)","(108, 0.0019837270956486464)","(107, 0.0006221923977136612)","(105, 0.00019831574172712862)","(103, 0.000172125844983384)","(99, 0.00016907294047996402)","(102, 0.00016748523921705782)","(104, 0.00016710846102796495)"
"(0, 0.46463310718536377)","(12, 0.43829673528671265)","(27, 0.011285379528999329)","(109, 0.0016565034165978432)","(108, 0.0008733010618016124)","(103, 0.0001999958767555654)","(107, 0.0001800597965484485)","(104, 0.0001685775932855904)","(102, 0.0001624461729079485)","(99, 0.00014174416719470173)"
"(0, 0.4641050100326538)","(12, 0.4347277879714966)","(27, 0.01260355394333601)","(110, 0.0020067240111529827)","(109, 0.000654997187666595)","(108, 0.00023403688101097941)","(99, 0.00014859053771942854)","(103, 0.00014073913916945457)","(107, 0.00013105347170494497)","(104, 0.000113434020022396)"
"(0, 0.46383652091026306)","(12, 0.4335331320762634)","(27, 0.011709369719028473)","(111, 0.0022873517591506243)","(110, 0.0007030077977105975)","(109, 0.00018519681179895997)","(108, 0.0001514710020273924)","(99, 0.00014707667287439108)","(105, 0.0001360525202471763)","(104, 0.00012979598250240088)"
"(0, 0.4718303680419922)","(12, 0.4336569905281067)","(27, 0.01190614141523838)","(112, 0.0014778481563553214)","(111, 0.0010882627684623003)","(110, 0.0002282499917782843)","(99, 0.0001733876415528357)","(105, 0.00011071976769017056)","(108, 9.086146746994928e-05)","(104, 9.000203863251954e-05)"
"(0, 0.4665478467941284)","(12, 0.4358086585998535)","(27, 0.013369160704314709)","(113, 0.001664712093770504)","(112, 0.0005377842462621629)","(111, 0.0002817792701534927)","(110, 0.00018418417312204838)","(101, 0.0001356678403681144)","(99, 0.00012371191405691206)","(35, 0.00010192344052484259)"
"(0, 0.4605071544647217)","(12, 0.4428802728652954)","(27, 0.01292150467634201)","(114, 0.002175557194277644)","(113, 0.0006595925660803914)","(111, 0.0001706631446722895)","(112, 0.00011254154378548265)","(110, 0.00011154294043080881)","(108, 0.00010219887917628512)","(101, 8.650807285448536e-05)"
"(0, 0.4540212154388428)","(12, 0.4333542585372925)","(27, 0.013061563484370708)","(115, 0.0023271930404007435)","(114, 0.00042822337127290666)","(113, 0.0002535946841817349)","(103, 0.00013395930000115186)","(105, 0.00013084421516396105)","(102, 0.00012935439008288085)","(110, 0.000126135244499892)"
"(0, 0.45271238684654236)","(12, 0.4331079125404358)","(27, 0.011649249121546745)","(116, 0.0019155506743118167)","(115, 0.0014956931117922068)","(113, 0.000151515327161178)","(103, 0.00012598736793734133)","(35, 0.00012552713451441377)","(99, 0.0001192158306366764)","(110, 0.0001136438877438195)"
"(0, 0.459682822227478)","(12, 0.4382956027984619)","(27, 0.011814948171377182)","(117, 0.0015216381289064884)","(116, 0.000980766024440527)","(115, 0.0004300753935240209)","(113, 0.00011322537466185167)","(1, 0.00010830443352460861)","(103, 0.0001024204830173403)","(111, 0.00010240951087325811)"
"(0, 0.451018750667572)","(12, 0.4236554503440857)","(27, 0.010970835573971272)","(118, 0.0029982805717736483)","(117, 0.0007924666861072183)","(116, 0.0004030033014714718)","(115, 0.00036706432001665235)","(113, 0.00014145566092338413)","(83, 0.00010701472638174891)","(99, 0.00010136912896996364)"
"(0, 0.4642871916294098)","(12, 0.4314872622489929)","(27, 0.009228793904185295)","(119, 0.002217063680291176)","(118, 0.000988681218586862)","(117, 0.00023863097885623574)","(116, 0.00019564011017791927)","(115, 0.00018775949138216674)","(113, 0.00012233514280524105)","(99, 8.161566802300513e-05)"
"(0, 0.4608663022518158)","(12, 0.4297965466976166)","(27, 0.011241605505347252)","(120, 0.0018028259510174394)","(119, 0.001137810293585062)","(118, 0.00039525236934423447)","(117, 0.00017192195809911937)","(115, 0.0001601487456355244)","(69, 0.00014214935072232038)","(116, 0.00013520868378691375)"
"(0, 0.4541417360305786)","(12, 0.43148601055145264)","(27, 0.011173789389431477)","(121, 0.0021492771338671446)","(120, 0.0010512724984437227)","(119, 0.0004613744677044451)","(118, 0.0002985430764965713)","(115, 0.00020711214165203273)","(117, 0.00013109268911648542)","(116, 0.00012183549551991746)"
"(0, 0.4567890167236328)","(12, 0.4336891174316406)","(27, 0.0111610796302557)","(122, 0.0015413190703839064)","(121, 0.0009329732274636626)","(120, 0.00040074894786812365)","(119, 0.0002956439566332847)","(118, 0.00023762593627907336)","(115, 0.00023198088456410915)","(116, 0.00017421733355149627)"
"(0, 0.4566461443901062)","(12, 0.4314348101615906)","(27, 0.011164364404976368)","(123, 0.001822628197260201)","(122, 0.0005700666224583983)","(121, 0.00028231096803210676)","(118, 0.00022637845540884882)","(120, 0.00019367324421182275)","(119, 0.00019037150195799768)","(116, 0.00014999427367001772)"
"(0, 0.45603054761886597)","(12, 0.43751686811447144)","(27, 0.009064000099897385)","(124, 0.002023391192778945)","(123, 0.0006393712246790528)","(118, 0.00029806848033331335)","(121, 0.00021735014161095023)","(122, 0.00019160669762641191)","(119, 0.00018010092026088387)","(120, 0.00014722533524036407)"
"(0, 0.47011101245880127)","(12, 0.43007755279541016)","(27, 0.010234463959932327)","(125, 0.0015388826141133904)","(124, 0.0008711187401786447)","(123, 0.00022170416195876896)","(118, 0.0002016568905673921)","(119, 0.0001741161395329982)","(121, 0.00013405100617092103)","(122, 0.000131913460791111)"
"(0, 0.45580142736434937)","(12, 0.43280965089797974)","(27, 0.010181865654885769)","(126, 0.0024076737463474274)","(125, 0.0007734610117040575)","(124, 0.00025669753085821867)","(119, 0.0001714364771032706)","(115, 0.00015251239528879523)","(120, 0.00013995467452332377)","(118, 0.00013796749408356845)"
"(0, 0.4558737277984619)","(12, 0.4448949694633484)","(27, 0.009739670902490616)","(127, 0.0018557477742433548)","(126, 0.0009502540924586356)","(125, 0.00019536483159754425)","(124, 0.00017591251526027918)","(121, 0.00013962890079710633)","(115, 0.000132308981847018)","(120, 0.00011444469419075176)"
"(0, 0.45703208446502686)","(12, 0.4485323429107666)","(27, 0.009559964761137962)","(128, 0.001640484668314457)","(127, 0.0010086600668728352)","(126, 0.00021961770835332572)","(115, 0.00014800819917581975)","(121, 0.0001430815173080191)","(124, 0.00012521137250587344)","(125, 0.00011566951434360817)"
"(0, 0.4630264639854431)","(12, 0.44578254222869873)","(27, 0.010967925190925598)","(129, 0.0012742152903228998)","(128, 0.0007906918181106448)","(127, 0.00029711087699979544)","(126, 0.00015303108375519514)","(123, 0.00011625512706814334)","(125, 0.00011470516619738191)","(115, 0.00011254294076934457)"
"(0, 0.44858068227767944)","(12, 0.4413267970085144)","(27, 0.01005763653665781)","(130, 0.0021639508195221424)","(129, 0.000642514496576041)","(128, 0.00015565514331683517)","(127, 0.00014734076103195548)","(118, 0.00014037499204277992)","(124, 0.0001334794651484117)","(1, 0.00010650430340319872)"
"(0, 0.45054101943969727)","(12, 0.4350759983062744)","(27, 0.008883049711585045)","(131, 0.0026363315992057323)","(130, 0.0010071001015603542)","(118, 0.00016856896399986)","(129, 0.00012003690062556416)","(83, 0.00010395835852250457)","(119, 9.187459363602102e-05)","(121, 9.142430644715205e-05)"
"(0, 0.4517536163330078)","(12, 0.4280235767364502)","(27, 0.008616510778665543)","(132, 0.002363162813708186)","(131, 0.0013400577008724213)","(130, 0.00022886547958478332)","(35, 0.00013731693616136909)","(115, 0.00011266219371464103)","(118, 0.00010759363794932142)","(83, 0.00010713827941799536)"
"(0, 0.4567279815673828)","(12, 0.44262969493865967)","(27, 0.007655428722500801)","(133, 0.0021894373930990696)","(132, 0.001083089504390955)","(131, 0.00042857887456193566)","(130, 0.0001421826018486172)","(99, 7.58287642383948e-05)","(115, 7.557876233477145e-05)","(127, 6.678509089397267e-05)"
"(0, 0.44833195209503174)","(12, 0.4419667720794678)","(27, 0.007790175266563892)","(134, 0.0022794732358306646)","(133, 0.0011471760226413608)","(132, 0.0004469288105610758)","(131, 0.000307377427816391)","(130, 0.00012212521687615663)","(11, 9.23441257327795e-05)","(121, 8.397921919822693e-05)"
"(0, 0.4511392116546631)","(12, 0.43973255157470703)","(27, 0.008844496682286263)","(135, 0.002016921527683735)","(134, 0.0010601223912090063)","(133, 0.0003664989199023694)","(132, 0.0003362198476679623)","(131, 0.00023381540086120367)","(130, 9.965185017790645e-05)","(118, 7.862046186346561e-05)"
"(0, 0.4587399363517761)","(12, 0.44603902101516724)","(27, 0.008419033139944077)","(136, 0.0017127551836892962)","(135, 0.000777683686465025)","(134, 0.0002984706952702254)","(133, 0.0002071820490527898)","(132, 0.0001852060086093843)","(131, 0.000172234489582479)","(130, 0.0001257862604688853)"
"(0, 0.4529173970222473)","(12, 0.4437084197998047)","(27, 0.00807162094861269)","(137, 0.0021344705019146204)","(136, 0.0007560044759884477)","(135, 0.0003746200236491859)","(131, 0.0002275522128911689)","(132, 0.00018833676585927606)","(134, 0.00018736059428192675)","(133, 0.00017356075113639235)"
"(0, 0.45676666498184204)","(12, 0.44141656160354614)","(27, 0.008286572992801666)","(138, 0.0017455870984122157)","(137, 0.0009265229455195367)","(136, 0.0002599288709461689)","(132, 0.00024285909603349864)","(135, 0.00022562134836334735)","(131, 0.0002135162358172238)","(133, 0.00018109574739355594)"
"(0, 0.4603790044784546)","(12, 0.44006162881851196)","(27, 0.008021578192710876)","(139, 0.0021074656397104263)","(138, 0.0003918171569239348)","(137, 0.00026157411048188806)","(132, 0.00018818369426298887)","(133, 0.000180074421223253)","(131, 0.00015481607988476753)","(135, 0.00014197194832377136)"
"(0, 0.4531211256980896)","(12, 0.44394367933273315)","(27, 0.008076325990259647)","(140, 0.0018012068467214704)","(139, 0.0009568498935550451)","(137, 0.00022004569473210722)","(133, 0.00019197064102627337)","(134, 0.00016263319412246346)","(132, 0.00016253258218057454)","(135, 0.00015382861602120101)"
"(0, 0.4418031573295593)","(12, 0.43714940547943115)","(27, 0.00902942568063736)","(141, 0.002253179205581546)","(140, 0.0010026522213593125)","(139, 0.00028837830177508295)","(137, 0.00020165700698271394)","(135, 0.00018297325004823506)","(131, 0.0001759303268045187)","(134, 0.00014857936184853315)"
"(0, 0.4534924030303955)","(12, 0.43584907054901123)","(27, 0.010148986242711544)","(142, 0.0017020402010530233)","(141, 0.0009649450657889247)","(140, 0.00022199818340595812)","(131, 0.0001845108054112643)","(139, 0.00016931653954088688)","(35, 0.0001499127538409084)","(135, 0.00013929314445704222)"
"(0, 0.45145130157470703)","(12, 0.4313538074493408)","(27, 0.009844019077718258)","(143, 0.001918910420499742)","(142, 0.001084505463950336)","(141, 0.00029205961618572474)","(131, 0.00022268529573921114)","(137, 0.00017036708595696837)","(139, 0.0001285472244489938)","(140, 0.00012709596194326878)"
"(0, 0.45232534408569336)","(12, 0.4486852288246155)","(27, 0.008013586513698101)","(144, 0.0016757427947595716)","(143, 0.0007308354252018034)","(142, 0.00019533655722625554)","(137, 0.00016523819067515433)","(131, 0.00016367921489290893)","(141, 0.00016181753017008305)","(132, 0.0001332448737230152)"
"(0, 0.45560574531555176)","(12, 0.44726264476776123)","(27, 0.008151888847351074)","(145, 0.0017484989948570728)","(144, 0.00058860017452389)","(142, 0.00018909531354438514)","(143, 0.00018071902741212398)","(131, 0.0001300210424233228)","(35, 0.00010658115934347734)","(141, 0.00010652431956259534)"
"(0, 0.45211854577064514)","(12, 0.4417842924594879)","(27, 0.008163444697856903)","(146, 0.001617244677618146)","(145, 0.000912390707526356)","(144, 0.00022913451539352536)","(35, 0.00019368593348190188)","(143, 0.0001145693167927675)","(131, 0.00010989703150698915)","(142, 0.00010748613567557186)"
"(0, 0.44699597358703613)","(12, 0.4449428915977478)","(27, 0.0077444943599402905)","(147, 0.0025259419344365597)","(146, 0.00041932472959160805)","(145, 0.00018085309420712292)","(132, 0.00013005034998059273)","(137, 0.00011659674055408686)","(131, 0.00010710928472690284)","(133, 0.00010656239464879036)"
"(0, 0.4518377184867859)","(12, 0.4435787796974182)","(27, 0.00880395621061325)","(148, 0.0019801422022283077)","(147, 0.0011936851078644395)","(131, 0.00010061269858852029)","(145, 9.983592462958768e-05)","(132, 8.628205978311598e-05)","(135, 8.193024405045435e-05)","(137, 7.946760160848498e-05)"
"(0, 0.445520281791687)","(12, 0.4386148452758789)","(27, 0.008294926956295967)","(149, 0.0023786271922290325)","(148, 0.0011333790607750416)","(147, 0.00048114877426996827)","(132, 9.620992932468653e-05)","(137, 9.201165084959939e-05)","(131, 9.184356895275414e-05)","(145, 7.88965480751358e-05)"
"(12, 0.4529297947883606)","(0, 0.4399232268333435)","(27, 0.006099162623286247)","(150, 0.002800175454467535)","(149, 0.0008515089866705239)","(148, 0.00042413047049194574)","(147, 0.00032108279992826283)","(137, 9.470910299569368e-05)","(131, 7.442440983140841e-05)","(132, 6.81555611663498e-05)"
"(12, 0.44795677065849304)","(0, 0.43550509214401245)","(27, 0.0072157965041697025)","(151, 0.002556914696469903)","(150, 0.0010556583292782307)","(148, 0.0003284964186605066)","(149, 0.0002966820902656764)","(147, 0.00021228437253739685)","(131, 8.810668805381283e-05)","(137, 7.704859308432788e-05)"
"(12, 0.45254191756248474)","(0, 0.45017901062965393)","(27, 0.006833165884017944)","(152, 0.0020456628408282995)","(151, 0.0009293554467149079)","(150, 0.0003084877389483154)","(148, 0.00018069459474645555)","(149, 0.00017143493460025638)","(147, 0.00014004575496073812)","(131, 8.038629312068224e-05)"
"(12, 0.453802227973938)","(0, 0.44490617513656616)","(27, 0.006209796294569969)","(153, 0.002161511918529868)","(152, 0.0008365527028217912)","(151, 0.0004182981501799077)","(148, 0.00019509581034071743)","(150, 0.00019127572886645794)","(147, 0.00016850246174726635)","(149, 0.00015069272194523364)"
"(12, 0.4524986147880554)","(0, 0.44671112298965454)","(27, 0.006626595743000507)","(154, 0.001902433461509645)","(153, 0.0009157958556897938)","(152, 0.00028814340475946665)","(151, 0.00022039642499294132)","(147, 0.000195531320059672)","(148, 0.00017891886818688363)","(150, 0.0001457983162254095)"
"(0, 0.4433647394180298)","(12, 0.43940627574920654)","(27, 0.008078786544501781)","(155, 0.002067294204607606)","(154, 0.0010957957711070776)","(153, 0.00029658045968972147)","(152, 0.00021349379676394165)","(148, 0.00020375606254674494)","(147, 0.0001743718166835606)","(149, 0.00016888721438590437)"
"(0, 0.4559558033943176)","(12, 0.44594281911849976)","(27, 0.007338959723711014)","(156, 0.001632297644391656)","(155, 0.0008919474785216153)","(147, 0.00018936218111775815)","(154, 0.00017497283988632262)","(150, 0.00015791258192621171)","(153, 0.00014561574789695442)","(148, 0.00014035223284736276)"
"(0, 0.45894932746887207)","(12, 0.4545707702636719)","(27, 0.007101048715412617)","(157, 0.0018513398244976997)","(156, 0.0007929539424367249)","(155, 0.0001409385004080832)","(151, 0.00011588157212827355)","(150, 0.00011488600284792483)","(147, 0.00011382536467863247)","(152, 9.342387056676671e-05)"
"(12, 0.45498818159103394)","(0, 0.4509236812591553)","(27, 0.007461387198418379)","(158, 0.0018877292750403285)","(157, 0.0009015075047500432)","(156, 0.00017012617900036275)","(147, 0.00015000015264376998)","(151, 0.00012168166722403839)","(152, 0.0001167166992672719)","(155, 0.00010379376908531412)"
"(12, 0.44900235533714294)","(0, 0.44697049260139465)","(27, 0.007351662032306194)","(159, 0.002508767182007432)","(158, 0.0003093763079959899)","(157, 0.00020583927107509226)","(147, 0.00016340984439011663)","(153, 0.00013942577061243355)","(148, 0.0001272406952921301)","(152, 0.00012422274448908865)"
"(0, 0.45099449157714844)","(12, 0.4453439712524414)","(27, 0.006875189486891031)","(160, 0.002028493443503976)","(159, 0.0009119488531723619)","(147, 0.00018086464842781425)","(148, 0.00014638515131082386)","(153, 0.0001204455184051767)","(157, 0.00010630912584019825)","(149, 9.283171675633639e-05)"
"(12, 0.4510558247566223)","(0, 0.45098811388015747)","(27, 0.006535639986395836)","(161, 0.001970914890989661)","(160, 0.000643003499135375)","(159, 0.00021446580649353564)","(147, 0.00016092834994196892)","(148, 0.00011952273052884266)","(155, 0.00010203418787568808)","(131, 9.060469892574474e-05)"
"(12, 0.44860923290252686)","(0, 0.4473080635070801)","(27, 0.006531774997711182)","(162, 0.0021432307548820972)","(161, 0.0009300891542807221)","(160, 0.00020963780116289854)","(159, 0.0001511618320364505)","(147, 0.00012784398859366775)","(131, 9.181346104014665e-05)","(148, 8.226660429500043e-05)"
"(12, 0.45154571533203125)","(0, 0.444580078125)","(27, 0.010053545236587524)","(163, 0.008752048015594482)","(162, 0.0002815317129716277)","(161, 0.00017385801766067743)","(1, 0.00012807361781597137)","(160, 0.00012709945440292358)","(150, 0.0001240200363099575)","(115, 0.0001137040089815855)"
"(0, 0.42920684814453125)","(12, 0.4225311279296875)","(164, 0.032334864139556885)","(27, 0.010809563100337982)","(163, 0.002916056662797928)","(162, 0.00032497604843229055)","(147, 0.00021664868108928204)","(161, 0.000208756304346025)","(35, 0.0001691546058282256)","(148, 0.00016096816398203373)"
"(0, 0.4310455322265625)","(12, 0.40953826904296875)","(165, 0.02492457628250122)","(164, 0.017639920115470886)","(27, 0.013580173254013062)","(163, 0.0034551620483398438)","(35, 0.00034730229526758194)","(147, 0.00020700343884527683)","(1, 0.00018411129713058472)","(113, 0.00017246673814952374)"
"(0, 0.41861724853515625)","(12, 0.4006175994873047)","(166, 0.016934677958488464)","(165, 0.014706775546073914)","(27, 0.014010012149810791)","(164, 0.0042588114738464355)","(163, 0.0026125460863113403)","(113, 0.00047401641495525837)","(159, 0.0004485049284994602)","(78, 0.00028445234056562185)"
"(0, 0.4341773986816406)","(12, 0.4163856506347656)","(167, 0.018064968287944794)","(27, 0.010623425245285034)","(164, 0.008966967463493347)","(166, 0.006918631494045258)","(165, 0.005818039178848267)","(163, 0.002426654100418091)","(35, 0.0005058904644101858)","(26, 0.0003358032554388046)"
"(0, 0.4434700012207031)","(12, 0.4360218048095703)","(167, 0.02821306698024273)","(168, 0.018030600622296333)","(27, 0.010356515645980835)","(165, 0.004587490111589432)","(166, 0.004356985911726952)","(164, 0.0022247619926929474)","(163, 0.0021255649626255035)","(35, 0.00030092918314039707)"
"(12, 0.4422874450683594)","(0, 0.4372817277908325)","(168, 0.04096542298793793)","(169, 0.024387329816818237)","(27, 0.009104907512664795)","(167, 0.006497181951999664)","(165, 0.004100952297449112)","(166, 0.0028091911226511)","(164, 0.002330036833882332)","(163, 0.0020138658583164215)"
"(12, 0.41834306716918945)","(0, 0.41345810890197754)","(168, 0.04477664828300476)","(170, 0.02877470850944519)","(169, 0.014744415879249573)","(27, 0.010155454277992249)","(165, 0.009997043758630753)","(167, 0.008143682032823563)","(166, 0.004228860139846802)","(164, 0.002382105216383934)"
"(0, 0.4358367919921875)","(12, 0.432220458984375)","(171, 0.017754584550857544)","(27, 0.010892108082771301)","(170, 0.009394317865371704)","(168, 0.00908910483121872)","(165, 0.006838880479335785)","(169, 0.0055627766996622086)","(167, 0.005504552274942398)","(166, 0.0051504261791706085)"
"(0, 0.45339202880859375)","(12, 0.4368896484375)","(27, 0.009729240089654922)","(172, 0.007817305624485016)","(171, 0.007336413487792015)","(167, 0.004186250269412994)","(170, 0.0034373849630355835)","(168, 0.003305075690150261)","(166, 0.003007529303431511)","(165, 0.002853643149137497)"
"(12, 0.43885040283203125)","(0, 0.4335479736328125)","(173, 0.015514642000198364)","(27, 0.01226949691772461)","(168, 0.009375445544719696)","(171, 0.008776694536209106)","(165, 0.006308801472187042)","(170, 0.005357831716537476)","(164, 0.0042989179491996765)","(167, 0.003584636375308037)"
"(0, 0.46028900146484375)","(12, 0.45243072509765625)","(174, 0.008787214756011963)","(27, 0.007983196526765823)","(172, 0.004213795065879822)","(163, 0.0023633912205696106)","(170, 0.0021219365298748016)","(167, 0.0018811952322721481)","(168, 0.0018154624849557877)","(166, 0.0017265304923057556)"
"(12, 0.45403289794921875)","(0, 0.44741058349609375)","(175, 0.011991113424301147)","(27, 0.009428910911083221)","(173, 0.00793495774269104)","(170, 0.004649065434932709)","(168, 0.004479274153709412)","(171, 0.00446411594748497)","(165, 0.0039591602981090546)","(164, 0.0027022995054721832)"
"(0, 0.4222297668457031)","(12, 0.4166221618652344)","(176, 0.018134407699108124)","(168, 0.015446748584508896)","(27, 0.011415481567382812)","(175, 0.009909339249134064)","(170, 0.009836344048380852)","(173, 0.007270365953445435)","(167, 0.006924323737621307)","(171, 0.006883956491947174)"
"(0, 0.427459716796875)","(12, 0.4158134460449219)","(168, 0.02778647281229496)","(177, 0.015362776815891266)","(170, 0.01424487680196762)","(27, 0.00932168960571289)","(176, 0.00828012079000473)","(169, 0.003998756408691406)","(173, 0.003271196037530899)","(175, 0.0029429905116558075)"
"(12, 0.42623043060302734)","(0, 0.41939830780029297)","(177, 0.036192283034324646)","(178, 0.0193613413721323)","(176, 0.015192985534667969)","(170, 0.009778162464499474)","(27, 0.009140495210886002)","(173, 0.007030367851257324)","(175, 0.005774252116680145)","(168, 0.004959577694535255)"
"(12, 0.4254264831542969)","(0, 0.4180564880371094)","(170, 0.036219459027051926)","(179, 0.020948974415659904)","(169, 0.013793760910630226)","(178, 0.013693461194634438)","(176, 0.009698361158370972)","(27, 0.008321721106767654)","(177, 0.0076869335025548935)","(175, 0.004173146560788155)"
"(12, 0.44186556339263916)","(0, 0.42452073097229004)","(179, 0.03922199085354805)","(180, 0.028223954141139984)","(27, 0.008674336597323418)","(178, 0.007081169635057449)","(170, 0.006486259400844574)","(176, 0.002840103581547737)","(169, 0.0027808472514152527)","(177, 0.002577977254986763)"
"(12, 0.4194819927215576)","(0, 0.3986349105834961)","(179, 0.040019869804382324)","(178, 0.02311328426003456)","(181, 0.02284449338912964)","(180, 0.0194541085511446)","(27, 0.009585358202457428)","(176, 0.006658067926764488)","(177, 0.004451101645827293)","(175, 0.004272393882274628)"
"(0, 0.42636871337890625)","(12, 0.42090606689453125)","(182, 0.022146422415971756)","(178, 0.012972250580787659)","(27, 0.011449262499809265)","(181, 0.00840611569583416)","(168, 0.005211617797613144)","(177, 0.004712440073490143)","(180, 0.0037323497235774994)","(179, 0.003239363431930542)"
"(0, 0.39804840087890625)","(12, 0.38973045349121094)","(183, 0.01706041395664215)","(182, 0.014752672985196114)","(178, 0.010475913062691689)","(27, 0.009635865688323975)","(181, 0.0067517198622226715)","(174, 0.0036910977214574814)","(168, 0.0034491531550884247)","(177, 0.0033854376524686813)"
"(0, 0.40396690368652344)","(12, 0.3949565887451172)","(183, 0.04061729833483696)","(184, 0.019021831452846527)","(182, 0.01821020059287548)","(27, 0.00955008715391159)","(181, 0.006003061309456825)","(174, 0.005102548748254776)","(177, 0.003687666729092598)","(178, 0.0036781281232833862)"
"(0, 0.41916656494140625)","(12, 0.4175605773925781)","(185, 0.01675686612725258)","(184, 0.01318604126572609)","(182, 0.011513471603393555)","(27, 0.0090464036911726)","(181, 0.006178965792059898)","(183, 0.005574461072683334)","(174, 0.00518951378762722)","(170, 0.0037139523774385452)"
"(0, 0.4102325439453125)","(12, 0.4012184143066406)","(186, 0.032096683979034424)","(185, 0.01330392062664032)","(27, 0.010365568101406097)","(184, 0.009534507989883423)","(182, 0.006943985819816589)","(174, 0.005516853183507919)","(183, 0.0047999173402786255)","(181, 0.0028290580958127975)"
"(0, 0.42525577545166016)","(12, 0.4206681251525879)","(186, 0.03198056295514107)","(187, 0.0208653062582016)","(185, 0.017163854092359543)","(27, 0.009860798716545105)","(184, 0.009715983644127846)","(182, 0.004221111536026001)","(181, 0.002039596438407898)","(183, 0.0018990766257047653)"
"(0, 0.43366241455078125)","(12, 0.41690826416015625)","(187, 0.019831478595733643)","(188, 0.018843913450837135)","(27, 0.009466663002967834)","(184, 0.006640193983912468)","(186, 0.005577810108661652)","(178, 0.002147173509001732)","(185, 0.002018822357058525)","(183, 0.00163954496383667)"
"(12, 0.4067336916923523)","(0, 0.40276461839675903)","(188, 0.029480397701263428)","(186, 0.023635921999812126)","(189, 0.020048968493938446)","(185, 0.014062272384762764)","(187, 0.012634113430976868)","(182, 0.008590564131736755)","(27, 0.008358832448720932)","(184, 0.00704224593937397)"
"(0, 0.41146087646484375)","(12, 0.4067363739013672)","(186, 0.03168735280632973)","(190, 0.024320527911186218)","(187, 0.020782621577382088)","(189, 0.012245990335941315)","(185, 0.00891074724495411)","(27, 0.007870718836784363)","(184, 0.0056362152099609375)","(182, 0.0044363681226968765)"
"(0, 0.4117860794067383)","(12, 0.40808963775634766)","(191, 0.027613669633865356)","(186, 0.02608162723481655)","(187, 0.019565502181649208)","(190, 0.01349247619509697)","(189, 0.010522997006773949)","(27, 0.00812370702624321)","(184, 0.004394399002194405)","(185, 0.004345199093222618)"
"(12, 0.4454345703125)","(0, 0.43280792236328125)","(192, 0.03472243994474411)","(191, 0.016225209459662437)","(27, 0.009340688586235046)","(190, 0.005626784637570381)","(189, 0.0049468763172626495)","(187, 0.004480607807636261)","(186, 0.0041178204119205475)","(184, 0.0015718340873718262)"
"(12, 0.4334068298339844)","(0, 0.4325408935546875)","(191, 0.01761351153254509)","(192, 0.015008684247732162)","(193, 0.014968415722250938)","(189, 0.00882667675614357)","(187, 0.00855291448533535)","(27, 0.007755115628242493)","(190, 0.006609078496694565)","(186, 0.005310215055942535)"
"(0, 0.4092292785644531)","(12, 0.4009990692138672)","(194, 0.029844988137483597)","(187, 0.017609374597668648)","(192, 0.013820752501487732)","(193, 0.012338276952505112)","(191, 0.008427232503890991)","(189, 0.007928941398859024)","(27, 0.007757298648357391)","(186, 0.007010199129581451)"
"(0, 0.437957763671875)","(12, 0.43607330322265625)","(195, 0.02412419766187668)","(27, 0.007954761385917664)","(194, 0.007614947855472565)","(189, 0.006482664495706558)","(193, 0.00555247999727726)","(191, 0.004593458026647568)","(187, 0.004372846335172653)","(184, 0.002974551171064377)"
"(12, 0.4202995300292969)","(0, 0.40869712829589844)","(196, 0.024603664875030518)","(195, 0.01424407958984375)","(194, 0.011653881520032883)","(191, 0.010218154639005661)","(27, 0.007992565631866455)","(193, 0.006592264398932457)","(187, 0.006237152963876724)","(189, 0.0045336708426475525)"
"(0, 0.4364471435546875)","(12, 0.4264106750488281)","(196, 0.022198081016540527)","(197, 0.017779313027858734)","(27, 0.008520424365997314)","(194, 0.006638921797275543)","(184, 0.006130017340183258)","(191, 0.006124526262283325)","(193, 0.005046509206295013)","(195, 0.004201415926218033)"
"(0, 0.44596099853515625)","(12, 0.434967041015625)","(198, 0.017094314098358154)","(197, 0.014882843941450119)","(27, 0.00703883171081543)","(196, 0.006909169256687164)","(189, 0.006509691476821899)","(184, 0.005066482350230217)","(195, 0.0046016257256269455)","(187, 0.002349264919757843)"
"(12, 0.4005570411682129)","(0, 0.3961082696914673)","(198, 0.02397480234503746)","(199, 0.023468267172574997)","(196, 0.017539560794830322)","(197, 0.015331923961639404)","(191, 0.013995064422488213)","(195, 0.0103222094476223)","(194, 0.009321633726358414)","(27, 0.006163541227579117)"
"(12, 0.3988933563232422)","(0, 0.39837646484375)","(200, 0.02927844226360321)","(191, 0.010878950357437134)","(27, 0.008511587977409363)","(199, 0.008446605876088142)","(178, 0.007353132590651512)","(196, 0.007246620953083038)","(184, 0.007219504565000534)","(181, 0.006138719618320465)"
"(0, 0.4301185607910156)","(12, 0.4293632507324219)","(201, 0.013149365782737732)","(200, 0.008708305656909943)","(170, 0.0075094979256391525)","(181, 0.00655880942940712)","(27, 0.006125785410404205)","(199, 0.005383141338825226)","(178, 0.005359562113881111)","(187, 0.0053525641560554504)"
"(0, 0.44872093200683594)","(12, 0.44046592712402344)","(202, 0.032529979944229126)","(201, 0.025453679263591766)","(27, 0.006543461233377457)","(199, 0.003359531983733177)","(195, 0.002668127417564392)","(187, 0.002559637650847435)","(200, 0.0023447908461093903)","(196, 0.002259492874145508)"
"(12, 0.4181203842163086)","(0, 0.39710426330566406)","(202, 0.06224394962191582)","(203, 0.021945759654045105)","(201, 0.011978784576058388)","(27, 0.006671838462352753)","(200, 0.006593126803636551)","(181, 0.006342656910419464)","(180, 0.004510736092925072)","(196, 0.0033768340945243835)"
"(12, 0.4533233642578125)","(0, 0.4428825378417969)","(203, 0.01094532385468483)","(202, 0.010856464505195618)","(204, 0.008295992389321327)","(181, 0.0076347216963768005)","(27, 0.006437379866838455)","(201, 0.006366860121488571)","(180, 0.006066353991627693)","(170, 0.004012811928987503)"
"(12, 0.44832611083984375)","(0, 0.44097328186035156)","(202, 0.015439141541719437)","(181, 0.010189687833189964)","(205, 0.009477932006120682)","(204, 0.009406087920069695)","(180, 0.007516894489526749)","(203, 0.007209954783320427)","(27, 0.005575912073254585)","(170, 0.0054312776774168015)"
"(12, 0.44390106201171875)","(0, 0.4335517883300781)","(205, 0.043863460421562195)","(206, 0.033233821392059326)","(27, 0.005180921405553818)","(202, 0.00492309033870697)","(203, 0.0030962247401475906)","(201, 0.0027411486953496933)","(204, 0.0025438442826271057)","(180, 0.0025068726390600204)"
"(12, 0.4380636215209961)","(0, 0.4370412826538086)","(205, 0.022117657586932182)","(207, 0.02016262337565422)","(206, 0.014213215559720993)","(203, 0.011068396270275116)","(27, 0.006530093029141426)","(202, 0.006371958181262016)","(204, 0.004023125395178795)","(181, 0.0031240619719028473)"
"(12, 0.4048328399658203)","(0, 0.3850102424621582)","(207, 0.048765625804662704)","(208, 0.033515822142362595)","(203, 0.015276001766324043)","(204, 0.011524977162480354)","(201, 0.011341441422700882)","(200, 0.010864797979593277)","(206, 0.008218394592404366)","(202, 0.006762230768799782)"
"(12, 0.42372703552246094)","(0, 0.4078865051269531)","(208, 0.0267281886190176)","(207, 0.01803339272737503)","(209, 0.015072325244545937)","(206, 0.011288657784461975)","(203, 0.00820503756403923)","(27, 0.006826963275671005)","(204, 0.006746681407094002)","(202, 0.004953555762767792)"
"(12, 0.42838478088378906)","(0, 0.41356849670410156)","(207, 0.03177538514137268)","(208, 0.017065420746803284)","(209, 0.011887136846780777)","(210, 0.010732688009738922)","(206, 0.008574359118938446)","(27, 0.006080839782953262)","(181, 0.005172152072191238)","(202, 0.004646496847271919)"
"(12, 0.41979122161865234)","(0, 0.4024009704589844)","(211, 0.03677092492580414)","(208, 0.016630075871944427)","(210, 0.013376057147979736)","(207, 0.012311097234487534)","(209, 0.01229420118033886)","(27, 0.007398111745715141)","(201, 0.004862919449806213)","(203, 0.004513118416070938)"
"(0, 0.412127286195755)","(12, 0.4087011516094208)","(211, 0.04853779077529907)","(212, 0.01635359227657318)","(208, 0.011460689827799797)","(201, 0.010280102491378784)","(207, 0.007479822263121605)","(203, 0.007010467350482941)","(27, 0.006378853693604469)","(178, 0.004741538316011429)"
"(0, 0.4180421829223633)","(12, 0.40825319290161133)","(211, 0.03396623581647873)","(208, 0.016676660627126694)","(213, 0.00949477031826973)","(207, 0.008814012631773949)","(212, 0.007805280387401581)","(27, 0.007176578044891357)","(168, 0.006567830219864845)","(203, 0.004640199244022369)"
"(12, 0.381597638130188)","(0, 0.3725123405456543)","(214, 0.03583421930670738)","(213, 0.03474143147468567)","(211, 0.020854037255048752)","(208, 0.016605626791715622)","(209, 0.015203170478343964)","(200, 0.012204047292470932)","(27, 0.007786765694618225)","(203, 0.005519881844520569)"
"(0, 0.3814582824707031)","(12, 0.3798065185546875)","(215, 0.021591829136013985)","(201, 0.02058519795536995)","(200, 0.009767387062311172)","(214, 0.009168243035674095)","(211, 0.009105559438467026)","(27, 0.007619395852088928)","(203, 0.007336361333727837)","(208, 0.006764665246009827)"
