"(0, 1.0)","(154, 0.0)","(142, 0.0)","(153, 0.0)","(152, 0.0)","(151, 0.0)","(150, 0.0)","(149, 0.0)","(143, 0.0)","(144, 0.0)"
"(0, 0.98052978515625)","(1, 0.019549362361431122)","(154, 0.0)","(142, 0.0)","(153, 0.0)","(152, 0.0)","(151, 0.0)","(150, 0.0)","(149, 0.0)","(143, 0.0)"
"(0, 0.9449386596679688)","(1, 0.02809274196624756)","(2, 0.026957526803016663)","(149, 0.0)","(154, 0.0)","(150, 0.0)","(151, 0.0)","(152, 0.0)","(153, 0.0)","(142, 0.0)"
"(0, 0.94384765625)","(3, 0.021657876670360565)","(1, 0.02045997977256775)","(2, 0.01404772698879242)","(149, 0.0)","(154, 0.0)","(150, 0.0)","(151, 0.0)","(152, 0.0)","(153, 0.0)"
"(0, 0.8663406372070312)","(3, 0.06333182752132416)","(4, 0.027896374464035034)","(1, 0.023325204849243164)","(2, 0.019083097577095032)","(149, 0.0)","(154, 0.0)","(150, 0.0)","(151, 0.0)","(152, 0.0)"
"(0, 0.8403167724609375)","(3, 0.05196724086999893)","(4, 0.045722898095846176)","(5, 0.029293090105056763)","(1, 0.018239594995975494)","(2, 0.014411769807338715)","(151, 0.0)","(152, 0.0)","(153, 0.0)","(150, 0.0)"
"(0, 0.852508544921875)","(3, 0.033782124519348145)","(5, 0.033730946481227875)","(6, 0.029819780960679054)","(4, 0.02751176431775093)","(2, 0.012366048991680145)","(1, 0.010292589664459229)","(151, 0.0)","(152, 0.0)","(153, 0.0)"
"(0, 0.8919830322265625)","(7, 0.025386571884155273)","(6, 0.0249478816986084)","(3, 0.017562225461006165)","(5, 0.01536676287651062)","(1, 0.009481176733970642)","(2, 0.008122608065605164)","(4, 0.007153302431106567)","(151, 0.0)","(152, 0.0)"
"(0, 0.7837753295898438)","(6, 0.0642644613981247)","(7, 0.050952330231666565)","(5, 0.024272918701171875)","(3, 0.02323538064956665)","(8, 0.022683769464492798)","(1, 0.010954871773719788)","(2, 0.010367058217525482)","(4, 0.009502023458480835)","(151, 0.0)"
"(0, 0.7873687744140625)","(7, 0.04118853062391281)","(6, 0.040579989552497864)","(8, 0.0377621203660965)","(9, 0.031960055232048035)","(5, 0.020054643973708153)","(4, 0.012565184384584427)","(3, 0.011349944397807121)","(1, 0.010869860649108887)","(2, 0.0063152797520160675)"
"(0, 0.81732177734375)","(7, 0.03873012959957123)","(6, 0.024245301261544228)","(8, 0.02334374375641346)","(10, 0.021693676710128784)","(9, 0.020600352436304092)","(5, 0.017408836632966995)","(3, 0.011162720620632172)","(1, 0.010953076183795929)","(4, 0.00784437358379364)"
"(0, 0.8110733032226562)","(7, 0.041879236698150635)","(10, 0.029325399547815323)","(11, 0.01915709488093853)","(5, 0.01871316507458687)","(9, 0.017221275717020035)","(6, 0.017001748085021973)","(8, 0.015197165310382843)","(3, 0.012409310787916183)","(2, 0.006478354334831238)"
"(12, 0.4117565155029297)","(0, 0.39933204650878906)","(1, 0.023130953311920166)","(10, 0.022437363862991333)","(11, 0.018766671419143677)","(6, 0.01796966791152954)","(9, 0.017416536808013916)","(2, 0.01735246181488037)","(5, 0.017074018716812134)","(4, 0.014187663793563843)"
"(0, 0.48291778564453125)","(12, 0.3935661315917969)","(7, 0.01898348331451416)","(3, 0.01808445155620575)","(13, 0.015328675508499146)","(11, 0.01438896358013153)","(10, 0.010745182633399963)","(6, 0.008576907217502594)","(5, 0.007900133728981018)","(2, 0.007203985005617142)"
"(0, 0.4367218017578125)","(12, 0.3391914367675781)","(13, 0.030309170484542847)","(7, 0.030306443572044373)","(14, 0.029006198048591614)","(11, 0.024451881647109985)","(3, 0.023193389177322388)","(8, 0.022029757499694824)","(10, 0.01546592265367508)","(6, 0.010726433247327805)"
"(0, 0.42801666259765625)","(12, 0.34918212890625)","(15, 0.02943289279937744)","(11, 0.025703176856040955)","(7, 0.02557516098022461)","(3, 0.024133652448654175)","(5, 0.020647719502449036)","(13, 0.020499520003795624)","(14, 0.017516925930976868)","(10, 0.014647036790847778)"
"(0, 0.4485893249511719)","(12, 0.35420989990234375)","(15, 0.041443631052970886)","(16, 0.0321744829416275)","(13, 0.016804099082946777)","(7, 0.016279272735118866)","(5, 0.015488455072045326)","(14, 0.015032947063446045)","(11, 0.013598605990409851)","(6, 0.011613793671131134)"
"(0, 0.4436988830566406)","(12, 0.35701751708984375)","(16, 0.04145073890686035)","(17, 0.02942979335784912)","(15, 0.024851061403751373)","(7, 0.013084501028060913)","(13, 0.012683041393756866)","(14, 0.012594491243362427)","(11, 0.010916709899902344)","(6, 0.010652463883161545)"
"(0, 0.437103271484375)","(12, 0.34433746337890625)","(17, 0.04639749228954315)","(16, 0.04143993929028511)","(15, 0.03186369314789772)","(18, 0.02725127339363098)","(13, 0.01287946105003357)","(14, 0.00996038131415844)","(7, 0.007877008989453316)","(5, 0.007016487419605255)"
"(0, 0.4467048645019531)","(12, 0.35704803466796875)","(18, 0.030505836009979248)","(16, 0.029824182391166687)","(15, 0.022815346717834473)","(19, 0.0215102881193161)","(17, 0.0198516845703125)","(13, 0.012205556035041809)","(14, 0.009707011282444)","(7, 0.008186142891645432)"
"(0, 0.4395866394042969)","(12, 0.3466167449951172)","(18, 0.03389063477516174)","(20, 0.02739948034286499)","(16, 0.02698194980621338)","(15, 0.02267051488161087)","(17, 0.016841769218444824)","(19, 0.0132046639919281)","(13, 0.011105254292488098)","(14, 0.00920175388455391)"
"(0, 0.43593597412109375)","(12, 0.3491783142089844)","(18, 0.034635692834854126)","(20, 0.031349509954452515)","(21, 0.024281561374664307)","(19, 0.022077560424804688)","(17, 0.01888887584209442)","(16, 0.01814863085746765)","(15, 0.01756613701581955)","(13, 0.00704616867005825)"
"(0, 0.4252662658691406)","(12, 0.33844470977783203)","(20, 0.03078620135784149)","(15, 0.026969105005264282)","(18, 0.02534787356853485)","(17, 0.020858749747276306)","(22, 0.02058454602956772)","(19, 0.020502854138612747)","(16, 0.019515082240104675)","(13, 0.010710448026657104)"
"(0, 0.4321556091308594)","(12, 0.3430213928222656)","(23, 0.026305997744202614)","(15, 0.0228799507021904)","(16, 0.014232635498046875)","(18, 0.014037027955055237)","(17, 0.01350906491279602)","(20, 0.013439752161502838)","(22, 0.013236064463853836)","(5, 0.013082252815365791)"
"(0, 0.411285400390625)","(12, 0.3308868408203125)","(24, 0.02985548973083496)","(23, 0.02703574299812317)","(7, 0.016713440418243408)","(15, 0.016373351216316223)","(13, 0.015711553394794464)","(5, 0.013340000063180923)","(16, 0.013140946626663208)","(14, 0.012529455125331879)"
"(0, 0.4125022888183594)","(12, 0.32668113708496094)","(24, 0.04032392054796219)","(25, 0.024031199514865875)","(7, 0.02094322443008423)","(23, 0.020332813262939453)","(15, 0.016379203647375107)","(13, 0.011853612959384918)","(14, 0.01170947402715683)","(22, 0.010228194296360016)"
"(0, 0.3934211730957031)","(12, 0.30425548553466797)","(25, 0.0304928757250309)","(24, 0.028844276443123817)","(7, 0.028323516249656677)","(26, 0.0275394469499588)","(10, 0.01783665455877781)","(15, 0.017805181443691254)","(8, 0.015821043401956558)","(14, 0.01527109369635582)"
"(0, 0.492706298828125)","(12, 0.40085601806640625)","(27, 0.02367711067199707)","(1, 0.010111689567565918)","(26, 0.005373537540435791)","(23, 0.00488753616809845)","(20, 0.004113644361495972)","(10, 0.003989845514297485)","(17, 0.003972634673118591)","(24, 0.0037204474210739136)"
"(0, 0.38486289978027344)","(12, 0.30422306060791016)","(24, 0.03634994477033615)","(26, 0.031144633889198303)","(28, 0.029858730733394623)","(7, 0.02479545958340168)","(25, 0.018363699316978455)","(27, 0.015241086483001709)","(15, 0.014398038387298584)","(23, 0.012272313237190247)"
"(0, 0.39652442932128906)","(12, 0.31174278259277344)","(24, 0.0294618159532547)","(26, 0.02810085564851761)","(28, 0.0274491086602211)","(29, 0.0261601060628891)","(23, 0.018787488341331482)","(27, 0.012796401977539062)","(13, 0.01219545304775238)","(7, 0.012114249169826508)"
"(0, 0.44956207275390625)","(12, 0.35288238525390625)","(30, 0.017584800720214844)","(27, 0.015339493751525879)","(26, 0.01394682377576828)","(28, 0.011715192347764969)","(23, 0.009234558790922165)","(11, 0.00879860669374466)","(15, 0.008441910147666931)","(29, 0.00820329412817955)"
"(0, 0.478515625)","(12, 0.3819236755371094)","(30, 0.01938501000404358)","(31, 0.012081325054168701)","(27, 0.009600311517715454)","(3, 0.007912658154964447)","(1, 0.005885139107704163)","(28, 0.005625605583190918)","(13, 0.0055778734385967255)","(26, 0.005566887557506561)"
"(0, 0.517486572265625)","(12, 0.39792633056640625)","(32, 0.0119844451546669)","(30, 0.010215960443019867)","(27, 0.009207427501678467)","(31, 0.008979951962828636)","(26, 0.004037253558635712)","(28, 0.003790777176618576)","(23, 0.003382960334420204)","(1, 0.003262970596551895)"
"(0, 0.478240966796875)","(12, 0.3627586364746094)","(33, 0.024844512343406677)","(30, 0.0200212299823761)","(27, 0.013932764530181885)","(32, 0.01182994619011879)","(1, 0.009076416492462158)","(26, 0.008700449019670486)","(29, 0.007031865417957306)","(31, 0.006141509860754013)"
"(0, 0.5195236206054688)","(12, 0.3896827697753906)","(34, 0.019970297813415527)","(27, 0.011796265840530396)","(33, 0.00924847275018692)","(30, 0.008492819964885712)","(1, 0.00830257311463356)","(29, 0.0035625994205474854)","(32, 0.002840464934706688)","(23, 0.0028348881751298904)"
"(0, 0.47290515899658203)","(12, 0.3532902002334595)","(27, 0.014650658704340458)","(34, 0.007944447919726372)","(35, 0.0072785052470862865)","(33, 0.004963448271155357)","(1, 0.0049051851965487)","(30, 0.004149189218878746)","(32, 0.0018365457653999329)","(26, 0.001533041475340724)"
"(0, 0.4509681463241577)","(12, 0.33521485328674316)","(27, 0.015069153159856796)","(35, 0.006012472324073315)","(36, 0.005115146283060312)","(34, 0.00385074270889163)","(1, 0.002743665361776948)","(30, 0.002133276779204607)","(33, 0.0019188361475244164)","(26, 0.0007764919428154826)"
"(0, 0.43757808208465576)","(12, 0.32260972261428833)","(27, 0.015525647439062595)","(37, 0.004501451272517443)","(35, 0.004374106414616108)","(36, 0.00420683529227972)","(34, 0.0029938812367618084)","(1, 0.0023814819287508726)","(30, 0.0014049139572307467)","(33, 0.0013790229568257928)"
"(0, 0.4175363779067993)","(12, 0.30664879083633423)","(27, 0.017125040292739868)","(38, 0.005136346444487572)","(35, 0.0037047823425382376)","(37, 0.0036191060207784176)","(36, 0.0029734978452324867)","(34, 0.0024886452592909336)","(1, 0.0023519350215792656)","(33, 0.0010107859270647168)"
"(0, 0.4003356099128723)","(12, 0.2920196056365967)","(27, 0.01700618676841259)","(39, 0.006331045646220446)","(38, 0.0044767968356609344)","(35, 0.0025908146053552628)","(37, 0.002253761049360037)","(36, 0.0020145957823842764)","(34, 0.0017595009412616491)","(1, 0.0017203654861077666)"
"(0, 0.3988632559776306)","(12, 0.2905924916267395)","(27, 0.01871454529464245)","(40, 0.005447990261018276)","(39, 0.003971037920564413)","(38, 0.0024983491748571396)","(35, 0.0023403516970574856)","(34, 0.0020387601107358932)","(1, 0.0019862623885273933)","(37, 0.0017483256524428725)"
"(0, 0.40799805521965027)","(12, 0.29904860258102417)","(27, 0.018751800060272217)","(41, 0.005278706084936857)","(40, 0.0039092558436095715)","(39, 0.002504469361156225)","(38, 0.00151983427349478)","(35, 0.0014816279290243983)","(34, 0.0012365663424134254)","(1, 0.0011227789800614119)"
"(0, 0.40217605233192444)","(12, 0.29474759101867676)","(27, 0.017757274210453033)","(42, 0.004914978519082069)","(41, 0.0032327661756426096)","(40, 0.0025634034536778927)","(39, 0.002087981440126896)","(35, 0.0013817460276186466)","(38, 0.001352641498669982)","(1, 0.0012953003169968724)"
"(0, 0.39337265491485596)","(12, 0.2917420566082001)","(27, 0.01905043050646782)","(43, 0.0049267360009253025)","(42, 0.0036971953231841326)","(41, 0.002279493026435375)","(40, 0.00191477220505476)","(39, 0.0015118556329980493)","(1, 0.0013185146963223815)","(34, 0.0011457909131422639)"
"(0, 0.3596239387989044)","(12, 0.26904451847076416)","(27, 0.01875925064086914)","(44, 0.006129095330834389)","(43, 0.004975919611752033)","(42, 0.0030944531317800283)","(41, 0.0017102218698710203)","(40, 0.0015603458741679788)","(39, 0.0012834046501666307)","(1, 0.0009813092183321714)"
"(0, 0.36856144666671753)","(12, 0.27733540534973145)","(27, 0.01948191225528717)","(45, 0.005027038045227528)","(44, 0.0049807969480752945)","(43, 0.0025432638358324766)","(42, 0.0021020707208663225)","(40, 0.001161821186542511)","(41, 0.0010635766666382551)","(1, 0.0009958267910405993)"
"(0, 0.38545602560043335)","(12, 0.29076775908470154)","(27, 0.018170034512877464)","(45, 0.00449757557362318)","(46, 0.0034629462752491236)","(44, 0.0025231055915355682)","(42, 0.001742178457789123)","(43, 0.0015056718839332461)","(40, 0.0009533357806503773)","(1, 0.0009474939433857799)"
"(0, 0.4053197503089905)","(12, 0.3056083619594574)","(27, 0.01626366376876831)","(47, 0.003584620775654912)","(46, 0.002826669253408909)","(45, 0.002478313399478793)","(44, 0.001626736717298627)","(42, 0.0011119234841316938)","(43, 0.0010838641319423914)","(40, 0.0007497351616621017)"
"(0, 0.39885038137435913)","(12, 0.29988694190979004)","(27, 0.014960485510528088)","(48, 0.003104127710685134)","(47, 0.0028919021133333445)","(45, 0.0018208411056548357)","(46, 0.0015452145598828793)","(44, 0.001173066790215671)","(42, 0.0010555877815932035)","(1, 0.0010234207147732377)"
"(0, 0.4163475036621094)","(12, 0.3236492872238159)","(27, 0.01372481044381857)","(49, 0.0036034516524523497)","(48, 0.0019180855015292764)","(47, 0.0015940440353006124)","(45, 0.0011920630931854248)","(46, 0.000965234765317291)","(1, 0.0008674853015691042)","(44, 0.0008368198177777231)"
"(0, 0.41543084383010864)","(12, 0.3157997131347656)","(27, 0.013878192752599716)","(50, 0.003841782221570611)","(49, 0.001870158826932311)","(47, 0.001242275582626462)","(48, 0.0010800997260957956)","(45, 0.0009355166694149375)","(1, 0.0009109475649893284)","(35, 0.000858275918290019)"
"(0, 0.3796820640563965)","(12, 0.33314406871795654)","(27, 0.024934057146310806)","(51, 0.005911760963499546)","(1, 0.001060848473571241)","(34, 0.0010260444832965732)","(50, 0.0009428479243069887)","(48, 0.0007807982619851828)","(35, 0.0007488440023735166)","(45, 0.0007425333024002612)"
"(0, 0.294286847114563)","(12, 0.26681697368621826)","(27, 0.023438801988959312)","(51, 0.009567366912961006)","(52, 0.007020808756351471)","(1, 0.0010861583286896348)","(34, 0.0010168098378926516)","(35, 0.0007423246279358864)","(48, 0.0007142279064282775)","(45, 0.0006847569020465016)"
"(0, 0.31147563457489014)","(12, 0.2698718309402466)","(27, 0.020648133009672165)","(52, 0.008898768573999405)","(51, 0.006094668991863728)","(53, 0.0038522148970514536)","(1, 0.0007068424019962549)","(34, 0.0006671197479590774)","(48, 0.0004853889986407012)","(35, 0.00047360191820189357)"
"(0, 0.30635392665863037)","(12, 0.26343297958374023)","(27, 0.019284909591078758)","(52, 0.006642810069024563)","(53, 0.005883543286472559)","(51, 0.005074243992567062)","(54, 0.0030689584091305733)","(1, 0.0005925621371716261)","(34, 0.0005686926888301969)","(48, 0.00042288482654839754)"
"(0, 0.27665185928344727)","(12, 0.23735666275024414)","(27, 0.018107563257217407)","(52, 0.005985892377793789)","(54, 0.0051536234095692635)","(51, 0.004721958655864)","(53, 0.004587205126881599)","(55, 0.0035473296884447336)","(1, 0.0006360318511724472)","(34, 0.0005863463738933206)"
"(0, 0.22958391904830933)","(12, 0.20426201820373535)","(27, 0.018020490184426308)","(55, 0.005966376047581434)","(52, 0.005871490575373173)","(51, 0.0047407387755811214)","(53, 0.004361792467534542)","(54, 0.004262974485754967)","(56, 0.003852974157780409)","(1, 0.000633391086012125)"
"(0, 0.19180560111999512)","(12, 0.17342376708984375)","(27, 0.017400015145540237)","(56, 0.006257811561226845)","(52, 0.005716998595744371)","(55, 0.004858605097979307)","(51, 0.004710767883807421)","(53, 0.004131241701543331)","(57, 0.004017004743218422)","(54, 0.003925945609807968)"
"(0, 0.20276296138763428)","(12, 0.17782437801361084)","(27, 0.01647031120955944)","(57, 0.005772073287516832)","(52, 0.004999369382858276)","(56, 0.004631940275430679)","(55, 0.004026155453175306)","(51, 0.0039297472685575485)","(53, 0.0035472381860017776)","(58, 0.003335298504680395)"
"(0, 0.20558667182922363)","(12, 0.1793227195739746)","(27, 0.015742849558591843)","(58, 0.005014730617403984)","(57, 0.004498315509408712)","(52, 0.004388913512229919)","(56, 0.004056100733578205)","(55, 0.0035770165268331766)","(51, 0.0033542243763804436)","(53, 0.003269950393587351)"
"(0, 0.27828890085220337)","(12, 0.23147320747375488)","(27, 0.016039948910474777)","(59, 0.003738974453881383)","(58, 0.003330460051074624)","(57, 0.003316587768495083)","(52, 0.0030607515946030617)","(56, 0.0030211724806576967)","(55, 0.0026971502229571342)","(53, 0.00237267161719501)"
"(0, 0.2902945280075073)","(12, 0.23746246099472046)","(27, 0.015163874253630638)","(57, 0.002979903481900692)","(58, 0.0029026062693446875)","(52, 0.0028094949666410685)","(56, 0.002805569441989064)","(59, 0.0027687354013323784)","(55, 0.0025922630447894335)","(51, 0.002314666286110878)"
"(0, 0.21435123682022095)","(12, 0.1876775026321411)","(27, 0.016121171414852142)","(57, 0.0035721552558243275)","(52, 0.0035574152134358883)","(56, 0.0034509862307459116)","(58, 0.0033265412785112858)","(59, 0.0030600246973335743)","(55, 0.0030446210876107216)","(51, 0.002866283291950822)"
"(0, 0.16955679655075073)","(12, 0.15072941780090332)","(27, 0.015075942501425743)","(57, 0.003827159758657217)","(52, 0.003817790187895298)","(56, 0.003519133199006319)","(58, 0.003468008479103446)","(62, 0.0031903013586997986)","(59, 0.003085625823587179)","(51, 0.0030740457586944103)"
"(0, 0.14447090029716492)","(12, 0.13146403431892395)","(27, 0.014519140124320984)","(63, 0.004171410575509071)","(52, 0.003749676514416933)","(57, 0.0036423401907086372)","(58, 0.003469552379101515)","(56, 0.0032743290066719055)","(59, 0.003033722983673215)","(51, 0.0029959294479340315)"
"(0, 0.1442188024520874)","(12, 0.13130855560302734)","(27, 0.014152569696307182)","(64, 0.004397733602672815)","(52, 0.0034554677549749613)","(63, 0.0033741185907274485)","(57, 0.0032392460852861404)","(58, 0.0031576957553625107)","(56, 0.003024394391104579)","(59, 0.0028997394256293774)"
"(0, 0.1608724594116211)","(12, 0.1467289924621582)","(27, 0.014075123704969883)","(65, 0.004088737070560455)","(64, 0.003509488422423601)","(63, 0.0030022128485143185)","(52, 0.002882143948227167)","(57, 0.002867046743631363)","(56, 0.0027949351351708174)","(58, 0.0027104485780000687)"
"(0, 0.11127021908760071)","(12, 0.09275250881910324)","(27, 0.00716804713010788)","(66, 0.00414733961224556)","(67, 0.0041189598850905895)","(65, 0.004023340996354818)","(64, 0.003557157702744007)","(63, 0.0028848464135080576)","(57, 0.0023508556187152863)","(58, 0.0022116315085440874)"
"(0, 0.13440772891044617)","(12, 0.10919191688299179)","(27, 0.006904562935233116)","(65, 0.003575344104319811)","(68, 0.003515644231811166)","(67, 0.0032391774002462626)","(66, 0.0032151297200471163)","(64, 0.0031405454501509666)","(63, 0.0026721500325948)","(57, 0.0021718472708016634)"
"(0, 0.14319375157356262)","(12, 0.11603457480669022)","(27, 0.00703665753826499)","(69, 0.004429255146533251)","(65, 0.003153625875711441)","(64, 0.002936213742941618)","(66, 0.0028349529020488262)","(68, 0.0027202670462429523)","(63, 0.00254936795681715)","(67, 0.002275273436680436)"
"(0, 0.14176028966903687)","(12, 0.11434130370616913)","(27, 0.006751706823706627)","(70, 0.0035018364433199167)","(65, 0.003082950133830309)","(69, 0.0030596444848924875)","(64, 0.003052223939448595)","(63, 0.002590311225503683)","(66, 0.002556192222982645)","(57, 0.0023507382720708847)"
"(0, 0.17897401750087738)","(12, 0.14376989006996155)","(27, 0.007099305745214224)","(71, 0.00316940201446414)","(65, 0.002736254595220089)","(70, 0.0026823964435607195)","(64, 0.0026496448554098606)","(66, 0.0021413182839751244)","(63, 0.0021298422943800688)","(57, 0.0019977414049208164)"
"(0, 0.15060457587242126)","(12, 0.12432534992694855)","(27, 0.007026028353720903)","(72, 0.0038744297344237566)","(65, 0.0026700468733906746)","(64, 0.002482268027961254)","(66, 0.0021345068234950304)","(71, 0.0021264313254505396)","(63, 0.0021172272972762585)","(58, 0.002003947738558054)"
"(0, 0.1834288388490677)","(12, 0.15019631385803223)","(27, 0.006758975330740213)","(73, 0.003595766145735979)","(65, 0.0023318836465477943)","(64, 0.0022686361335217953)","(72, 0.002239472232758999)","(63, 0.00201806309632957)","(66, 0.0019020657055079937)","(52, 0.0017871008021757007)"
"(0, 0.1977129578590393)","(12, 0.16073967516422272)","(27, 0.0067516048438847065)","(74, 0.0032478871289640665)","(73, 0.002572540193796158)","(64, 0.002191995969042182)","(65, 0.0021288557909429073)","(63, 0.0018811324844136834)","(52, 0.0017213869141414762)","(57, 0.0016749720089137554)"
"(0, 0.2066918909549713)","(12, 0.16919788718223572)","(27, 0.006861431989818811)","(75, 0.002822515554726124)","(64, 0.002064323052763939)","(65, 0.002049477072432637)","(74, 0.0019417476141825318)","(63, 0.0018361418042331934)","(52, 0.001815039198845625)","(57, 0.0016351197846233845)"
"(0, 0.19195504486560822)","(12, 0.15848436951637268)","(27, 0.006451619789004326)","(76, 0.0024327386636286974)","(64, 0.0022554576862603426)","(65, 0.0021678414195775986)","(75, 0.002092386595904827)","(63, 0.0020209932699799538)","(52, 0.0019538779743015766)","(57, 0.0017514183418825269)"
"(0, 0.19167786836624146)","(12, 0.1616012156009674)","(27, 0.0055565075017511845)","(77, 0.002838506828993559)","(64, 0.002517981920391321)","(65, 0.0024359580129384995)","(63, 0.0021641138009727)","(52, 0.0019758311100304127)","(76, 0.0018898623529821634)","(57, 0.0018876350950449705)"
"(0, 0.2117830365896225)","(12, 0.17823123931884766)","(27, 0.005375731270760298)","(65, 0.0023778676986694336)","(64, 0.0023610421922057867)","(78, 0.0023491575848311186)","(77, 0.0021273603197187185)","(63, 0.0018331618048250675)","(52, 0.0018293102039024234)","(57, 0.0017950654728338122)"
"(0, 0.2079882025718689)","(12, 0.17686393857002258)","(27, 0.005485956557095051)","(78, 0.0024540028534829617)","(65, 0.0021073552779853344)","(64, 0.001935467473231256)","(79, 0.0018341012764722109)","(52, 0.0016936736647039652)","(57, 0.00165741634555161)","(63, 0.0016506450483575463)"
"(0, 0.20089712738990784)","(12, 0.17313070595264435)","(27, 0.005869201850146055)","(80, 0.002447254490107298)","(65, 0.0019019544124603271)","(64, 0.001893831416964531)","(57, 0.0017866150010377169)","(79, 0.0017803891096264124)","(56, 0.001734020421281457)","(52, 0.001696112216450274)"
"(0, 0.2296253889799118)","(12, 0.19318397343158722)","(27, 0.005583103746175766)","(81, 0.0027419300749897957)","(64, 0.0018862842116504908)","(65, 0.0018026439938694239)","(57, 0.0017466252902522683)","(58, 0.0016381575260311365)","(63, 0.0016073057195171714)","(56, 0.0015941268065944314)"
"(0, 0.2610572576522827)","(12, 0.21903273463249207)","(27, 0.006083576940000057)","(82, 0.0031005798373371363)","(81, 0.0017562591237947345)","(64, 0.0016001752810552716)","(65, 0.0015727438731119037)","(57, 0.0014131399802863598)","(58, 0.0013994507025927305)","(63, 0.0013540465151891112)"
"(0, 0.22024542093276978)","(12, 0.1836315393447876)","(27, 0.005559327080845833)","(83, 0.003814756404608488)","(82, 0.0020587104372680187)","(64, 0.0016741997096687555)","(65, 0.0016534028109163046)","(57, 0.0015392485074698925)","(63, 0.001529918983578682)","(56, 0.0015226979739964008)"
"(0, 0.22063735127449036)","(12, 0.18293116986751556)","(27, 0.005956794135272503)","(84, 0.0037236677017062902)","(83, 0.0022536050528287888)","(64, 0.001778335659764707)","(65, 0.0016419457970187068)","(57, 0.0016113705933094025)","(63, 0.001538327313028276)","(58, 0.0014822966186329722)"
"(0, 0.23170876502990723)","(12, 0.19396120309829712)","(27, 0.005792249925434589)","(85, 0.003466507187113166)","(84, 0.0026053525507450104)","(64, 0.0016312270890921354)","(65, 0.0016046043019741774)","(63, 0.0014260803582146764)","(58, 0.0014016346540302038)","(57, 0.0013763653114438057)"
"(0, 0.21893355250358582)","(12, 0.18966001272201538)","(27, 0.004770245403051376)","(86, 0.0044089024886488914)","(85, 0.001979870954528451)","(64, 0.0018146766815334558)","(65, 0.0017751908162608743)","(63, 0.00170455826446414)","(58, 0.0014363358495756984)","(57, 0.00143118342384696)"
"(0, 0.21981258690357208)","(12, 0.18756107985973358)","(27, 0.005497214384377003)","(87, 0.004487324971705675)","(86, 0.0029476711060851812)","(64, 0.0016667358577251434)","(85, 0.0015282714739441872)","(65, 0.0015053432434797287)","(63, 0.001402088557370007)","(52, 0.0012765203136950731)"
"(0, 0.2260672003030777)","(12, 0.19255636632442474)","(27, 0.00473975483328104)","(88, 0.0037261038087308407)","(87, 0.002036134246736765)","(64, 0.0019772094674408436)","(65, 0.0019490538397803903)","(63, 0.0016601744573563337)","(52, 0.0015526836505159736)","(58, 0.0013673893408849835)"
"(0, 0.23448985815048218)","(12, 0.20122608542442322)","(27, 0.004502151161432266)","(89, 0.003354745451360941)","(88, 0.002388041466474533)","(65, 0.0018138854065909982)","(64, 0.0017723159398883581)","(63, 0.0015190500998869538)","(52, 0.0014838274801149964)","(66, 0.0012712072348222136)"
"(0, 0.2396584153175354)","(12, 0.20390117168426514)","(27, 0.005108503624796867)","(90, 0.0030016133096069098)","(89, 0.002071880968287587)","(64, 0.0015300735831260681)","(65, 0.0015088804066181183)","(63, 0.0013443916104733944)","(52, 0.0013269013725221157)","(88, 0.0011770694982260466)"
"(0, 0.23942804336547852)","(12, 0.2058200240135193)","(27, 0.005098024383187294)","(91, 0.003932884428650141)","(90, 0.0020911095198243856)","(64, 0.0016155906487256289)","(65, 0.0015452721854671836)","(63, 0.0013023101491853595)","(52, 0.001273801433853805)","(89, 0.0012660365318879485)"
"(0, 0.23353499174118042)","(12, 0.20276470482349396)","(27, 0.004957846365869045)","(92, 0.0033976761624217033)","(91, 0.0018180283950641751)","(65, 0.0016627308214083314)","(64, 0.001612274907529354)","(52, 0.0013521879445761442)","(57, 0.0013504333328455687)","(56, 0.001328386482782662)"
"(0, 0.21648338437080383)","(12, 0.1908435970544815)","(27, 0.005078778602182865)","(93, 0.004828606266528368)","(92, 0.0031422851607203484)","(65, 0.0014738163445144892)","(64, 0.0014289689715951681)","(91, 0.0012710923328995705)","(57, 0.001248526619747281)","(52, 0.001247645472176373)"
"(0, 0.23917131125926971)","(12, 0.20739614963531494)","(27, 0.005046091973781586)","(94, 0.003704166505485773)","(93, 0.0031726756133139133)","(92, 0.0015258283820003271)","(65, 0.0012992557603865862)","(64, 0.0012822940479964018)","(57, 0.0012069536605849862)","(52, 0.0011793047888204455)"
"(0, 0.2621471881866455)","(12, 0.22762943804264069)","(27, 0.004651256836950779)","(95, 0.0026353623252362013)","(94, 0.0023764236830174923)","(93, 0.0017219907604157925)","(65, 0.0013067882973700762)","(64, 0.0012930640950798988)","(52, 0.001237625489011407)","(57, 0.0012218677438795567)"
"(0, 0.2690861225128174)","(12, 0.23452351987361908)","(27, 0.0049293190240859985)","(96, 0.002360002603381872)","(95, 0.001609562081284821)","(64, 0.0013405480422079563)","(65, 0.0013347187777981162)","(52, 0.001284569501876831)","(58, 0.0012539617018774152)","(57, 0.0012525524944067001)"
"(0, 0.27253562211990356)","(12, 0.2394295036792755)","(27, 0.003578315954655409)","(97, 0.002439122647047043)","(96, 0.0014824647223576903)","(64, 0.0013471005950123072)","(65, 0.0013047805987298489)","(56, 0.0012405621819198132)","(57, 0.0012294790940359235)","(52, 0.00122820062097162)"
"(0, 0.27340272068977356)","(12, 0.23830822110176086)","(27, 0.0035985170397907495)","(98, 0.0028109007980674505)","(97, 0.0022873638663440943)","(64, 0.0012741531245410442)","(57, 0.0011910347966477275)","(65, 0.0011843704851344228)","(56, 0.0011567821493372321)","(63, 0.0011347121326252818)"
"(0, 0.2661244869232178)","(12, 0.23500019311904907)","(99, 0.003961062058806419)","(27, 0.0037992489524185658)","(98, 0.0017628185451030731)","(64, 0.0012957138242200017)","(52, 0.0012692312011495233)","(65, 0.0011906566796824336)","(57, 0.0011746197706088424)","(97, 0.001157026388682425)"
"(0, 0.2562934458255768)","(12, 0.2267112284898758)","(27, 0.004377678036689758)","(100, 0.003398156026378274)","(99, 0.002183943521231413)","(52, 0.0013969427673146129)","(64, 0.0013400774914771318)","(65, 0.0012531576212495565)","(63, 0.0011667994549497962)","(57, 0.0011141224531456828)"
"(0, 0.25866571068763733)","(12, 0.22725771367549896)","(27, 0.0037772420328110456)","(101, 0.003121593501418829)","(100, 0.0025231661275029182)","(64, 0.0014005894772708416)","(65, 0.0013208891032263637)","(52, 0.001318025286309421)","(99, 0.0012924999464303255)","(63, 0.0011500654509291053)"
"(0, 0.2509443759918213)","(12, 0.22494186460971832)","(102, 0.004098690580576658)","(27, 0.0038058089558035135)","(101, 0.0025762012228369713)","(100, 0.0016987324925139546)","(65, 0.0012206031242385507)","(64, 0.0012080136220902205)","(52, 0.0011650915257632732)","(63, 0.0009953752160072327)"
"(0, 0.2544848918914795)","(12, 0.2284986674785614)","(27, 0.0038456604816019535)","(103, 0.0037785579916089773)","(102, 0.0028534287121146917)","(101, 0.0013763010501861572)","(65, 0.001190967857837677)","(64, 0.0011902614496648312)","(100, 0.0011289013782516122)","(52, 0.0010894160950556397)"
"(0, 0.24756291508674622)","(12, 0.22571296989917755)","(27, 0.0036432400811463594)","(104, 0.0035427731927484274)","(103, 0.001996306236833334)","(102, 0.001425625872798264)","(64, 0.001300170668400824)","(56, 0.001259289332665503)","(65, 0.0012495096307247877)","(57, 0.0012034992687404156)"
"(0, 0.2647897005081177)","(12, 0.23891322314739227)","(27, 0.0034258775413036346)","(105, 0.0034254719503223896)","(104, 0.0028096402529627085)","(64, 0.0012704471591860056)","(103, 0.0012158326571807265)","(65, 0.001193456701003015)","(57, 0.0011920019751414657)","(56, 0.0011487335432320833)"
"(0, 0.2595493197441101)","(12, 0.23030108213424683)","(27, 0.003883322002366185)","(106, 0.002914115320891142)","(105, 0.0022737239487469196)","(104, 0.0016630557365715504)","(64, 0.0011737451422959566)","(65, 0.0011404074029996991)","(57, 0.0011108441976830363)","(58, 0.001081398339010775)"
"(0, 0.25790685415267944)","(12, 0.2337525188922882)","(27, 0.003607133636251092)","(107, 0.0035024299286305904)","(106, 0.002511304337531328)","(65, 0.0012021835427731276)","(64, 0.0011959497351199389)","(105, 0.0011949163163080812)","(57, 0.0011125649325549603)","(58, 0.0011089921463280916)"
"(0, 0.25535848736763)","(12, 0.229772686958313)","(108, 0.004034128505736589)","(27, 0.00370235089212656)","(107, 0.002114294096827507)","(106, 0.001625009230338037)","(64, 0.0011032182956114411)","(65, 0.001086342497728765)","(58, 0.0009747038129717112)","(57, 0.0009616551105864346)"
"(0, 0.2550104260444641)","(12, 0.22899317741394043)","(27, 0.003979729488492012)","(109, 0.0031601993832737207)","(108, 0.002561317291110754)","(106, 0.001189084374345839)","(64, 0.0011067144805565476)","(65, 0.0010966564295813441)","(107, 0.001002267119474709)","(52, 0.0009626516839489341)"
"(0, 0.2513051927089691)","(12, 0.226820707321167)","(27, 0.004089228808879852)","(110, 0.0038102916441857815)","(109, 0.0022817363496869802)","(108, 0.001354490639641881)","(65, 0.0011178974527865648)","(64, 0.0011153839295729995)","(63, 0.00106783676892519)","(52, 0.0009889228967949748)"
"(0, 0.2832481861114502)","(12, 0.2548566162586212)","(27, 0.003429701318964362)","(111, 0.0027220246847718954)","(110, 0.002196488669142127)","(109, 0.00128381815738976)","(64, 0.0011806351831182837)","(63, 0.0010717774275690317)","(65, 0.001009672530926764)","(108, 0.0009868114721029997)"
"(0, 0.28198954463005066)","(12, 0.25566917657852173)","(27, 0.003101997310295701)","(112, 0.0025608378928154707)","(111, 0.002394060604274273)","(64, 0.0013050299603492022)","(65, 0.0011463328264653683)","(110, 0.0011035336647182703)","(63, 0.0011027688160538673)","(52, 0.000966002931818366)"
"(0, 0.28985723853111267)","(12, 0.2702503800392151)","(27, 0.00286818016320467)","(113, 0.0025443166960030794)","(112, 0.0016325454926118255)","(65, 0.0014248723164200783)","(64, 0.0014235094422474504)","(63, 0.0011573128867894411)","(52, 0.0011144961463287473)","(57, 0.0010058708721771836)"
"(0, 0.297425776720047)","(12, 0.2752472162246704)","(114, 0.00279633654281497)","(27, 0.002623033942654729)","(113, 0.0017272214172407985)","(65, 0.0012254130560904741)","(64, 0.0012137367157265544)","(52, 0.0010146447457373142)","(112, 0.000988426385447383)","(63, 0.0009735373896546662)"
"(0, 0.27410560846328735)","(12, 0.25551944971084595)","(115, 0.00364242703653872)","(27, 0.0031208363361656666)","(114, 0.0022754857782274485)","(65, 0.001106373267248273)","(64, 0.0010642226552590728)","(52, 0.0009156075539067388)","(113, 0.000913037802092731)","(63, 0.0008526849560439587)"
"(0, 0.267508327960968)","(12, 0.25013089179992676)","(116, 0.003276007017120719)","(27, 0.0031183199025690556)","(115, 0.002734124194830656)","(65, 0.001088438555598259)","(64, 0.0010585550917312503)","(114, 0.001046847435645759)","(52, 0.000994148664176464)","(56, 0.000907581765204668)"
"(0, 0.2831115424633026)","(12, 0.2673104405403137)","(117, 0.0030957735143601894)","(27, 0.0029720435850322247)","(116, 0.0021621391642838717)","(115, 0.0014255286660045385)","(65, 0.0009856028482317924)","(64, 0.0009799732360988855)","(52, 0.0009105692151933908)","(56, 0.0008918351959437132)"
"(0, 0.27204063534736633)","(12, 0.25058647990226746)","(118, 0.0043878257274627686)","(27, 0.0029275359120219946)","(117, 0.0028365636244416237)","(116, 0.0014407779090106487)","(115, 0.0011255606077611446)","(64, 0.0010161683894693851)","(65, 0.000946203654166311)","(57, 0.0009040793520398438)"
"(0, 0.273661345243454)","(12, 0.25064218044281006)","(119, 0.004068806767463684)","(118, 0.0030825682915747166)","(27, 0.002685150131583214)","(117, 0.0015544070629402995)","(64, 0.0009853129740804434)","(65, 0.0009423462906852365)","(116, 0.0009168622200377285)","(57, 0.0008768639527261257)"
"(0, 0.2786719799041748)","(12, 0.2613467574119568)","(120, 0.0033465749584138393)","(119, 0.003234711242839694)","(27, 0.0026745107024908066)","(118, 0.0013984135584905744)","(64, 0.0009680451476015151)","(65, 0.0009603307116776705)","(117, 0.0008844182011671364)","(57, 0.0008560963324271142)"
"(0, 0.2851024270057678)","(12, 0.26536890864372253)","(121, 0.003176806727424264)","(27, 0.002483105519786477)","(120, 0.0024554228875786066)","(119, 0.0016393271507695317)","(64, 0.0009463664027862251)","(118, 0.0009303218103013933)","(65, 0.0009281986858695745)","(57, 0.0008587788906879723)"
"(0, 0.2845855951309204)","(12, 0.26818007230758667)","(122, 0.003249947214499116)","(27, 0.0027539897710084915)","(121, 0.002624708227813244)","(120, 0.0014009978622198105)","(119, 0.0010504401288926601)","(64, 0.0009312624461017549)","(65, 0.0008912672637961805)","(57, 0.0008427264983765781)"
"(0, 0.28452855348587036)","(12, 0.2677028179168701)","(123, 0.003432154655456543)","(27, 0.002760260133072734)","(122, 0.0020855518523603678)","(121, 0.001452371128834784)","(120, 0.0009787619346752763)","(64, 0.0009037954150699079)","(65, 0.0008714731084182858)","(119, 0.0008106144960038364)"
"(0, 0.25776875019073486)","(12, 0.2397860735654831)","(124, 0.003766738111153245)","(27, 0.0031451599206775427)","(123, 0.0024433056823909283)","(122, 0.0012505293125286698)","(64, 0.0010509866988286376)","(65, 0.0009606517269276083)","(121, 0.0009563009371049702)","(52, 0.0009559122263453901)"
"(0, 0.2504466772079468)","(12, 0.23218727111816406)","(125, 0.0035220077261328697)","(27, 0.0029691425152122974)","(124, 0.002654255833476782)","(123, 0.001383342081680894)","(64, 0.001050798688083887)","(65, 0.0009820229606702924)","(52, 0.000922356266528368)","(63, 0.000901053543202579)"
"(0, 0.2717282474040985)","(12, 0.25477224588394165)","(126, 0.003616053145378828)","(27, 0.002948727458715439)","(125, 0.0027998853474855423)","(124, 0.0013826952781528234)","(64, 0.0009999173926189542)","(65, 0.0009435612009838223)","(123, 0.0009420705027878284)","(52, 0.0008553117513656616)"
"(0, 0.2605781555175781)","(12, 0.2471906840801239)","(127, 0.0033299375791102648)","(27, 0.0027355963829904795)","(126, 0.0025449965614825487)","(125, 0.0017189430072903633)","(124, 0.0011442400282248855)","(64, 0.0009360991534776986)","(65, 0.0009164398070424795)","(123, 0.0008810717263258994)"
"(0, 0.2818058729171753)","(12, 0.27012455463409424)","(128, 0.0027038275729864836)","(27, 0.0024396327789872885)","(127, 0.0022756203543394804)","(126, 0.0010716936085373163)","(64, 0.0009933594847097993)","(125, 0.000956971722189337)","(65, 0.000945217558182776)","(63, 0.0008463060948997736)"
"(0, 0.27946627140045166)","(12, 0.26653480529785156)","(27, 0.002481136005371809)","(129, 0.002272362820804119)","(128, 0.0020235509146004915)","(64, 0.0010887361131608486)","(127, 0.0010708366753533483)","(65, 0.0010416631121188402)","(57, 0.0008901795954443514)","(56, 0.0008655216661281884)"
"(0, 0.30151593685150146)","(12, 0.29110413789749146)","(130, 0.0039940280839800835)","(27, 0.002163841389119625)","(129, 0.0015169758116826415)","(128, 0.00100697111338377)","(65, 0.0009326515719294548)","(64, 0.0008822166710160673)","(56, 0.000768301950301975)","(57, 0.0007661929703317583)"
"(0, 0.2735484838485718)","(12, 0.25741052627563477)","(131, 0.004383129999041557)","(27, 0.002660143654793501)","(130, 0.0025403613690286875)","(129, 0.000874856486916542)","(64, 0.0008725238149054348)","(65, 0.0008537992835044861)","(57, 0.0008173324749805033)","(56, 0.0008054056670516729)"
"(0, 0.2858731746673584)","(12, 0.26859429478645325)","(132, 0.0038126837462186813)","(131, 0.0028972062282264233)","(27, 0.0028603728860616684)","(130, 0.0013461720664054155)","(64, 0.0008428905857726932)","(65, 0.0008082208223640919)","(57, 0.0007790615782141685)","(58, 0.0007481440552510321)"
"(0, 0.26996904611587524)","(12, 0.25503218173980713)","(133, 0.0038196027744561434)","(132, 0.0030548954382538795)","(27, 0.002550805453211069)","(131, 0.001552268280647695)","(65, 0.000878047663718462)","(130, 0.0008718891767784953)","(64, 0.0008617451530881226)","(58, 0.0008138452540151775)"
"(0, 0.2706184387207031)","(12, 0.25836023688316345)","(134, 0.004897426813840866)","(133, 0.0026894020847976208)","(27, 0.00228087417781353)","(132, 0.001888266415335238)","(131, 0.0012222456280142069)","(64, 0.0007385411881841719)","(65, 0.0007128661382012069)","(130, 0.0006810594932176173)"
"(0, 0.2691253423690796)","(12, 0.2549152374267578)","(135, 0.004381647799164057)","(134, 0.0026408680714666843)","(27, 0.0022518225014209747)","(133, 0.0013589554000645876)","(132, 0.001163901062682271)","(64, 0.0008509734179824591)","(131, 0.000807211734354496)","(65, 0.0007815615390427411)"
"(0, 0.29004228115081787)","(12, 0.27525565028190613)","(136, 0.0031292038038372993)","(135, 0.0029065122362226248)","(27, 0.002140348544344306)","(134, 0.001274759415537119)","(64, 0.0009476897539570928)","(65, 0.0008722046623006463)","(133, 0.0008427570573985577)","(52, 0.0008186779450625181)"
"(0, 0.2768249213695526)","(12, 0.2628019452095032)","(137, 0.00347531633451581)","(136, 0.003273602342233062)","(27, 0.0022220523096621037)","(135, 0.0018859112169593573)","(134, 0.0009649467538110912)","(64, 0.0008396564517170191)","(65, 0.0007902986253611743)","(52, 0.0007835150463506579)"
"(0, 0.27994123101234436)","(12, 0.26489341259002686)","(138, 0.003289631335064769)","(137, 0.0025687413290143013)","(27, 0.002276170998811722)","(136, 0.0014854628825560212)","(135, 0.0011595673859119415)","(64, 0.0008402595994994044)","(65, 0.0008066370501182973)","(52, 0.0007527863490395248)"
"(0, 0.2864640951156616)","(12, 0.2729918956756592)","(139, 0.0042168376967310905)","(138, 0.002492013154551387)","(27, 0.002176465932279825)","(137, 0.0012271181913092732)","(136, 0.0008885198622010648)","(64, 0.0008181805023923516)","(65, 0.0007727843476459384)","(135, 0.0007220061379484832)"
"(0, 0.25821346044540405)","(12, 0.2515164911746979)","(140, 0.003325828816741705)","(139, 0.0027405095752328634)","(27, 0.0022500536870211363)","(138, 0.001593206194229424)","(137, 0.0008740412886254489)","(65, 0.0008476633229292929)","(64, 0.000842505251057446)","(136, 0.0007941533694975078)"
"(0, 0.2718128263950348)","(12, 0.26477333903312683)","(141, 0.003798231715336442)","(140, 0.0026209719944745302)","(27, 0.0022958782501518726)","(139, 0.0015526056522503495)","(138, 0.001181555213406682)","(65, 0.0007883874932304025)","(64, 0.0007797604775987566)","(56, 0.0007437085150741041)"
"(0, 0.2826228141784668)","(12, 0.27553677558898926)","(142, 0.0032256643753498793)","(27, 0.0021673128940165043)","(141, 0.00214636349119246)","(140, 0.0016180149978026748)","(139, 0.000933698145672679)","(138, 0.0008673398988321424)","(64, 0.0007669698097743094)","(65, 0.0007433729479089379)"
"(0, 0.29430192708969116)","(12, 0.2891378402709961)","(143, 0.0033596521243453026)","(142, 0.0026354421861469746)","(27, 0.002047672402113676)","(141, 0.001280655269511044)","(140, 0.0010090203722938895)","(52, 0.0006769977044314146)","(65, 0.0006657384801656008)","(64, 0.0006578402826562524)"
"(0, 0.29078763723373413)","(12, 0.2869211435317993)","(144, 0.0031183497048914433)","(143, 0.002302320906892419)","(27, 0.0020997179672122)","(142, 0.001352803548797965)","(141, 0.001016054186038673)","(140, 0.0009507407085038722)","(52, 0.0006889125215820968)","(65, 0.000640103651676327)"
"(0, 0.29752030968666077)","(12, 0.29060643911361694)","(145, 0.002754677552729845)","(27, 0.0022349862847477198)","(144, 0.0021559654269367456)","(143, 0.0012989003444090486)","(142, 0.0008520207484252751)","(140, 0.0007560448138974607)","(56, 0.0006855311803519726)","(52, 0.0006827093311585486)"
"(0, 0.29100605845451355)","(12, 0.28077179193496704)","(146, 0.0032319515012204647)","(145, 0.0024435631930828094)","(27, 0.002048684284090996)","(144, 0.0014172591036185622)","(143, 0.0008212633547373116)","(140, 0.0006942625623196363)","(56, 0.0006464000907726586)","(64, 0.0006434315000660717)"
"(0, 0.2823806405067444)","(12, 0.27515488862991333)","(147, 0.003505019936710596)","(27, 0.002090693451464176)","(146, 0.001997692044824362)","(145, 0.0013236106606200337)","(144, 0.000884810637217015)","(52, 0.0007467427640222013)","(64, 0.0007379593444056809)","(56, 0.00071474420838058)"
"(0, 0.28445667028427124)","(12, 0.27699804306030273)","(148, 0.004022217355668545)","(147, 0.002570551121607423)","(27, 0.0018612600397318602)","(145, 0.0008790051215328276)","(146, 0.0008638147264719009)","(52, 0.000794782186858356)","(64, 0.0007897833129391074)","(63, 0.0006970299873501062)"
"(0, 0.2767304480075836)","(12, 0.2656501829624176)","(149, 0.004121723119169474)","(148, 0.003273217473179102)","(27, 0.001963044283911586)","(147, 0.0015137068694457412)","(64, 0.0008278777822852135)","(52, 0.0008230074308812618)","(65, 0.0007289609638974071)","(51, 0.0006852656370028853)"
"(0, 0.2746838927268982)","(12, 0.27096110582351685)","(150, 0.005856525618582964)","(149, 0.0029213782399892807)","(148, 0.0018226939719170332)","(27, 0.0017833843594416976)","(147, 0.0010469418484717607)","(52, 0.0007141943206079304)","(134, 0.0006702888058498502)","(65, 0.00062470359262079)"
"(0, 0.27018311619758606)","(12, 0.2627105712890625)","(151, 0.004762549884617329)","(150, 0.002739354968070984)","(27, 0.0017871700692921877)","(149, 0.001251262379810214)","(148, 0.0011148025514557958)","(52, 0.0007810714887455106)","(64, 0.0007066259277053177)","(65, 0.0006935564451850951)"
"(0, 0.2814702093601227)","(12, 0.2764480710029602)","(152, 0.004318599123507738)","(151, 0.0031974350567907095)","(27, 0.001824413426220417)","(150, 0.001307240454480052)","(52, 0.0007598005468025804)","(64, 0.0007196462829597294)","(65, 0.0006937682046554983)","(56, 0.0006720167584717274)"
"(0, 0.2710374891757965)","(12, 0.2660101652145386)","(152, 0.003438920946791768)","(153, 0.003433664795011282)","(27, 0.001885526697151363)","(151, 0.0018840301781892776)","(150, 0.0008496863883920014)","(52, 0.0007400457980111241)","(64, 0.0007148261647671461)","(65, 0.0006869894568808377)"
"(0, 0.2694627344608307)","(12, 0.26365983486175537)","(154, 0.003968548029661179)","(153, 0.0022085162345319986)","(27, 0.0018888813210651278)","(152, 0.0016437924932688475)","(151, 0.001238246913999319)","(52, 0.0007113168830983341)","(64, 0.0006896504200994968)","(56, 0.0006811162456870079)"
"(0, 0.2972845435142517)","(12, 0.29540103673934937)","(155, 0.004277633037418127)","(154, 0.0026934496127068996)","(27, 0.0018994607962667942)","(153, 0.0009264721884392202)","(152, 0.000782676856033504)","(57, 0.0006902497261762619)","(64, 0.0006750434404239058)","(56, 0.0006707528373226523)"
"(0, 0.2696458399295807)","(12, 0.2692585587501526)","(156, 0.004176584538072348)","(155, 0.0036853698547929525)","(154, 0.0019320693099871278)","(27, 0.0016605168348178267)","(153, 0.0008014499326236546)","(64, 0.0006608588737435639)","(57, 0.0006601986242458224)","(58, 0.0006520086899399757)"
"(12, 0.25970160961151123)","(0, 0.25807955861091614)","(157, 0.0043755387887358665)","(156, 0.0033366235438734293)","(155, 0.0023837198968976736)","(27, 0.001736931619234383)","(154, 0.0014155542012304068)","(58, 0.0007150127203203738)","(57, 0.0006975235883146524)","(65, 0.0006839604466222227)"
"(12, 0.26047101616859436)","(0, 0.2559834420681)","(158, 0.0037163780070841312)","(157, 0.0035768994130194187)","(156, 0.0018587701488286257)","(27, 0.0016883848002180457)","(155, 0.0015734132612124085)","(154, 0.0010873950086534023)","(56, 0.00060897262301296)","(57, 0.0006074435077607632)"
"(0, 0.2942044734954834)","(12, 0.2935652732849121)","(159, 0.0035415661986917257)","(158, 0.0021199891343712807)","(157, 0.0016732478979974985)","(27, 0.0016484674997627735)","(156, 0.0009627132094465196)","(155, 0.0009426341275684536)","(154, 0.0006937760626897216)","(57, 0.0006029290379956365)"
"(0, 0.2918587028980255)","(12, 0.2879796028137207)","(160, 0.0031721550039947033)","(159, 0.002684621838852763)","(27, 0.001582076889462769)","(158, 0.0011108431499451399)","(157, 0.0011079786345362663)","(155, 0.0006894150283187628)","(64, 0.0006891477387398481)","(156, 0.0006299191154539585)"
"(0, 0.2828488051891327)","(12, 0.28025853633880615)","(161, 0.0031098066829144955)","(160, 0.00243599945679307)","(27, 0.001555378083139658)","(159, 0.0011096523376181722)","(157, 0.0008313129656016827)","(64, 0.0007767852512188256)","(158, 0.0007480630883947015)","(65, 0.0007033536094240844)"
"(0, 0.2861020565032959)","(12, 0.28524404764175415)","(162, 0.0036963673774152994)","(161, 0.002201296156272292)","(27, 0.0016076702158898115)","(160, 0.0013443906791508198)","(64, 0.0008064400171861053)","(159, 0.0007796591380611062)","(65, 0.0006905905320309103)","(63, 0.000645879830699414)"
"(0, 0.2979278564453125)","(12, 0.2904338836669922)","(163, 0.025650545954704285)","(162, 0.0014092873316258192)","(27, 0.0010818224400281906)","(64, 0.0008258690359070897)","(65, 0.0008252315456047654)","(161, 0.0007814123528078198)","(52, 0.0007581905229017138)","(57, 0.0006824543233960867)"
"(0, 0.2852020263671875)","(12, 0.2745838165283203)","(164, 0.02436661720275879)","(163, 0.005992051213979721)","(27, 0.0016094930469989777)","(52, 0.001248655840754509)","(64, 0.0011724332580342889)","(65, 0.0011698297457769513)","(57, 0.0010736952535808086)","(56, 0.0010528034763410687)"
"(0, 0.27080726623535156)","(12, 0.2661457061767578)","(164, 0.043668150901794434)","(165, 0.039818018674850464)","(163, 0.0019972454756498337)","(65, 0.0013272553915157914)","(64, 0.0013179864035919309)","(27, 0.001266762614250183)","(52, 0.0011518507963046432)","(63, 0.0010512903099879622)"
"(0, 0.28655242919921875)","(12, 0.28176116943359375)","(165, 0.03461368381977081)","(166, 0.03195197880268097)","(164, 0.01629449427127838)","(163, 0.0014839470386505127)","(65, 0.001379223307594657)","(64, 0.0013511484721675515)","(27, 0.001139061525464058)","(52, 0.0011283892672508955)"
"(0, 0.2899932861328125)","(12, 0.28070068359375)","(166, 0.04283980280160904)","(165, 0.03337131440639496)","(167, 0.03228020668029785)","(164, 0.01141541451215744)","(163, 0.001823941245675087)","(64, 0.0012541862670332193)","(65, 0.0012532572727650404)","(27, 0.0011704936623573303)"
"(0, 0.26152467727661133)","(12, 0.25481462478637695)","(167, 0.071688711643219)","(166, 0.04504919797182083)","(165, 0.029536135494709015)","(168, 0.01936923712491989)","(164, 0.012872524559497833)","(163, 0.0019501950591802597)","(27, 0.0012685954570770264)","(65, 0.00107614416629076)"
"(0, 0.2865142822265625)","(12, 0.28448486328125)","(169, 0.03466007113456726)","(165, 0.02502688765525818)","(166, 0.025008857250213623)","(168, 0.022144585847854614)","(167, 0.01936984993517399)","(164, 0.006668508052825928)","(27, 0.0014493688941001892)","(163, 0.001328224316239357)"
"(0, 0.26824378967285156)","(12, 0.2664375305175781)","(169, 0.04105135053396225)","(170, 0.027971908450126648)","(165, 0.02116771787405014)","(168, 0.020655103027820587)","(167, 0.02006181702017784)","(166, 0.018635068088769913)","(164, 0.007464013993740082)","(27, 0.0016466863453388214)"
"(12, 0.2617316246032715)","(0, 0.25840044021606445)","(170, 0.06266968697309494)","(171, 0.04124172776937485)","(165, 0.025161653757095337)","(168, 0.021772921085357666)","(169, 0.01856048032641411)","(167, 0.017658069729804993)","(164, 0.015351817011833191)","(166, 0.009636349976062775)"
"(12, 0.2181248664855957)","(0, 0.2178339958190918)","(172, 0.035649385303258896)","(171, 0.03401169553399086)","(170, 0.030151665210723877)","(168, 0.016509195789694786)","(164, 0.015987560153007507)","(169, 0.014622639864683151)","(165, 0.011238638311624527)","(167, 0.005524717271327972)"
"(0, 0.3445625305175781)","(12, 0.341766357421875)","(173, 0.07104384899139404)","(171, 0.018746111541986465)","(165, 0.014281287789344788)","(170, 0.011677078902721405)","(164, 0.010972939431667328)","(167, 0.010293407365679741)","(168, 0.007259124889969826)","(169, 0.00700443796813488)"
"(0, 0.25164318084716797)","(12, 0.24685990810394287)","(170, 0.028100036084651947)","(174, 0.023905538022518158)","(173, 0.020565465092658997)","(171, 0.01878943480551243)","(168, 0.01729344017803669)","(169, 0.016136065125465393)","(172, 0.013448446989059448)","(164, 0.01022961176931858)"
"(12, 0.3190879821777344)","(0, 0.3175849914550781)","(173, 0.08936446905136108)","(175, 0.03355491906404495)","(171, 0.013290241360664368)","(165, 0.009375348687171936)","(164, 0.007794264703989029)","(172, 0.006299296393990517)","(168, 0.004521213471889496)","(167, 0.00385858491063118)"
"(12, 0.2588815689086914)","(0, 0.2570948600769043)","(173, 0.06158579885959625)","(170, 0.051764100790023804)","(171, 0.04276692867279053)","(175, 0.03875226527452469)","(176, 0.03284347057342529)","(169, 0.025070995092391968)","(165, 0.012835830450057983)","(168, 0.008932851254940033)"
"(0, 0.2829322814941406)","(12, 0.28276634216308594)","(171, 0.0385250598192215)","(177, 0.03745502978563309)","(176, 0.03603145480155945)","(173, 0.03567829728126526)","(170, 0.03188993036746979)","(169, 0.026312097907066345)","(175, 0.013605106621980667)","(168, 0.01273355633020401)"
"(0, 0.27448320388793945)","(12, 0.2716212272644043)","(177, 0.04868228733539581)","(170, 0.036899134516716)","(176, 0.03538426756858826)","(171, 0.030877776443958282)","(169, 0.027489684522151947)","(173, 0.024609610438346863)","(178, 0.02263474091887474)","(175, 0.012600470334291458)"
"(12, 0.2943859100341797)","(0, 0.2908668518066406)","(171, 0.05277985334396362)","(170, 0.04662172496318817)","(169, 0.028432995080947876)","(176, 0.0267326682806015)","(179, 0.024486569687724113)","(173, 0.02148592472076416)","(177, 0.01707148551940918)","(178, 0.012700192630290985)"
"(12, 0.3157949447631836)","(0, 0.30538272857666016)","(171, 0.04580700397491455)","(170, 0.03770441561937332)","(179, 0.03166895732283592)","(180, 0.027050450444221497)","(176, 0.025561511516571045)","(173, 0.020744487643241882)","(177, 0.01801896095275879)","(169, 0.01771928369998932)"
"(12, 0.28815174102783203)","(0, 0.28626012802124023)","(171, 0.039704278111457825)","(179, 0.037698209285736084)","(176, 0.03262367844581604)","(181, 0.024602383375167847)","(173, 0.020685024559497833)","(177, 0.01987859606742859)","(170, 0.017983481287956238)","(178, 0.010593730956315994)"
"(12, 0.2800254821777344)","(0, 0.2771129608154297)","(182, 0.034112393856048584)","(173, 0.03147578239440918)","(170, 0.024581603705883026)","(176, 0.020715683698654175)","(171, 0.018972337245941162)","(181, 0.017419293522834778)","(175, 0.014206971973180771)","(169, 0.009336017072200775)"
"(0, 0.2505350112915039)","(12, 0.2505302429199219)","(183, 0.039525456726551056)","(182, 0.03761208802461624)","(170, 0.021773438900709152)","(169, 0.015958566218614578)","(181, 0.01572510600090027)","(171, 0.014947161078453064)","(176, 0.013447534292936325)","(168, 0.012644918635487556)"
"(0, 0.2205944061279297)","(12, 0.2196979522705078)","(183, 0.05205155536532402)","(184, 0.04048536345362663)","(182, 0.013440731912851334)","(173, 0.012071454897522926)","(170, 0.011794116348028183)","(176, 0.011648697778582573)","(168, 0.010086582973599434)","(172, 0.008567312732338905)"
"(0, 0.19968223571777344)","(12, 0.19706344604492188)","(183, 0.04230775684118271)","(185, 0.0372343435883522)","(184, 0.02557210624217987)","(182, 0.023937851190567017)","(170, 0.022355040535330772)","(169, 0.016992028802633286)","(171, 0.011072369292378426)","(168, 0.01057293452322483)"
"(0, 0.22845077514648438)","(12, 0.2274312973022461)","(182, 0.047194816172122955)","(170, 0.031532883644104004)","(186, 0.02804112434387207)","(185, 0.024749048054218292)","(181, 0.02389448881149292)","(169, 0.02219061367213726)","(171, 0.019562233239412308)","(176, 0.018854087218642235)"
"(0, 0.26561641693115234)","(12, 0.26425743103027344)","(187, 0.027055542916059494)","(182, 0.024690695106983185)","(170, 0.0209016315639019)","(186, 0.020388323813676834)","(185, 0.014520213007926941)","(183, 0.012907320633530617)","(169, 0.011648004874587059)","(181, 0.011510292068123817)"
"(12, 0.26424503326416016)","(0, 0.2628974914550781)","(188, 0.02925071492791176)","(185, 0.01786261610686779)","(187, 0.014092335477471352)","(186, 0.013708235695958138)","(170, 0.011928040534257889)","(182, 0.009877018630504608)","(183, 0.008758565410971642)","(169, 0.007767768576741219)"
"(12, 0.2700824737548828)","(0, 0.27001380920410156)","(189, 0.03626728057861328)","(188, 0.03169971704483032)","(185, 0.019802961498498917)","(187, 0.01862216182053089)","(170, 0.009596118703484535)","(186, 0.008956603705883026)","(169, 0.0077004749327898026)","(174, 0.0065962281078100204)"
"(12, 0.23525619506835938)","(0, 0.2350926399230957)","(189, 0.06790569424629211)","(190, 0.03687082976102829)","(185, 0.02233453281223774)","(188, 0.01682235673069954)","(187, 0.01452719047665596)","(186, 0.013029642403125763)","(183, 0.008899472653865814)","(176, 0.007431512698531151)"
"(0, 0.2381906509399414)","(12, 0.23579883575439453)","(189, 0.05245041847229004)","(191, 0.05073612928390503)","(190, 0.036851853132247925)","(185, 0.017988508567214012)","(188, 0.01282588392496109)","(186, 0.01115698367357254)","(187, 0.008192153647542)","(170, 0.007642714306712151)"
"(0, 0.2509593963623047)","(12, 0.24665546417236328)","(189, 0.03488653153181076)","(192, 0.026808694005012512)","(191, 0.02323174849152565)","(182, 0.02093922160565853)","(170, 0.019407043233513832)","(183, 0.017882702872157097)","(188, 0.017425598576664925)","(187, 0.016614481806755066)"
"(12, 0.2753267288208008)","(0, 0.27377986907958984)","(193, 0.03005361557006836)","(189, 0.02196536213159561)","(192, 0.019905388355255127)","(182, 0.0173147302120924)","(186, 0.016776710748672485)","(191, 0.015430286526679993)","(181, 0.014829680323600769)","(170, 0.01447114534676075)"
"(12, 0.28832197189331055)","(0, 0.2831134796142578)","(189, 0.048702992498874664)","(193, 0.04759034514427185)","(192, 0.028576448559761047)","(194, 0.02377530187368393)","(191, 0.01685156300663948)","(185, 0.016129057854413986)","(170, 0.009172623977065086)","(188, 0.007400423288345337)"
"(12, 0.29636192321777344)","(0, 0.29009056091308594)","(193, 0.048600614070892334)","(189, 0.03227892518043518)","(192, 0.027539916336536407)","(195, 0.02178291045129299)","(194, 0.012210488319396973)","(191, 0.01218530535697937)","(185, 0.011719197034835815)","(187, 0.010621994733810425)"
"(12, 0.29797935485839844)","(0, 0.2918062210083008)","(193, 0.04023228585720062)","(189, 0.02902868390083313)","(196, 0.027933791279792786)","(192, 0.02751699462532997)","(194, 0.011185772716999054)","(195, 0.010040130466222763)","(187, 0.00930718332529068)","(185, 0.009240929037332535)"
"(12, 0.14628839492797852)","(0, 0.14337444305419922)","(189, 0.02018660306930542)","(192, 0.01857936382293701)","(191, 0.017559081315994263)","(193, 0.015090882778167725)","(185, 0.013196110725402832)","(170, 0.011621922254562378)","(183, 0.010628759860992432)","(194, 0.010380357503890991)"
"(12, 0.27306365966796875)","(0, 0.26717472076416016)","(198, 0.031414538621902466)","(193, 0.028808504343032837)","(189, 0.023174967616796494)","(192, 0.02091817557811737)","(196, 0.015781894326210022)","(194, 0.013354863971471786)","(183, 0.011194473132491112)","(195, 0.010580085217952728)"
"(12, 0.2748699188232422)","(0, 0.2681894302368164)","(198, 0.04749758169054985)","(199, 0.03182628005743027)","(193, 0.023810699582099915)","(192, 0.020558994263410568)","(189, 0.01973666250705719)","(191, 0.018843630328774452)","(196, 0.018413156270980835)","(185, 0.011050386354327202)"
"(12, 0.28125572204589844)","(0, 0.27715110778808594)","(199, 0.050650522112846375)","(200, 0.03279075771570206)","(191, 0.03214535489678383)","(198, 0.027774875983595848)","(189, 0.01704363524913788)","(193, 0.016954682767391205)","(192, 0.015087023377418518)","(196, 0.01017708145081997)"
"(12, 0.27545738220214844)","(0, 0.27094602584838867)","(201, 0.03438280522823334)","(198, 0.03089083731174469)","(199, 0.02121584489941597)","(193, 0.017800621688365936)","(189, 0.01774578168988228)","(192, 0.016619540750980377)","(200, 0.014708936214447021)","(196, 0.012655217200517654)"
"(12, 0.22010517120361328)","(0, 0.21949386596679688)","(202, 0.036626219749450684)","(170, 0.027618300169706345)","(182, 0.024688079953193665)","(201, 0.016980445012450218)","(198, 0.016147039830684662)","(181, 0.016102343797683716)","(176, 0.013427812606096268)","(169, 0.013164415955543518)"
"(12, 0.27118873596191406)","(0, 0.2703566551208496)","(201, 0.051010310649871826)","(202, 0.04102557897567749)","(203, 0.03175589442253113)","(199, 0.02221672236919403)","(198, 0.017169713973999023)","(185, 0.01639402285218239)","(193, 0.014381736516952515)","(189, 0.012757515534758568)"
"(12, 0.27892017364501953)","(0, 0.2754936218261719)","(202, 0.035463184118270874)","(201, 0.032860614359378815)","(204, 0.02865712344646454)","(198, 0.01991891860961914)","(193, 0.017054706811904907)","(199, 0.016971834003925323)","(189, 0.013870837166905403)","(192, 0.012694422155618668)"
"(0, 0.23678874969482422)","(12, 0.23466014862060547)","(205, 0.03392142429947853)","(201, 0.03374608978629112)","(202, 0.02379448153078556)","(204, 0.021307392045855522)","(199, 0.01781769096851349)","(198, 0.011949785053730011)","(189, 0.011239377781748772)","(200, 0.010915495455265045)"
"(0, 0.2476825714111328)","(12, 0.24556732177734375)","(205, 0.03745637834072113)","(201, 0.029041362926363945)","(206, 0.024307966232299805)","(199, 0.02212124690413475)","(202, 0.01894998922944069)","(189, 0.01854364201426506)","(204, 0.018149839714169502)","(200, 0.013437427580356598)"
"(0, 0.2544269561767578)","(12, 0.25084400177001953)","(205, 0.047221750020980835)","(206, 0.03786484897136688)","(191, 0.03307519853115082)","(207, 0.029790237545967102)","(201, 0.026714779436588287)","(200, 0.016839131712913513)","(199, 0.01591096818447113)","(189, 0.013965701684355736)"
"(0, 0.2526378631591797)","(12, 0.2442789077758789)","(206, 0.06146334856748581)","(205, 0.04472070187330246)","(208, 0.036453455686569214)","(200, 0.030014419928193092)","(191, 0.02360781654715538)","(201, 0.021244917064905167)","(207, 0.02100621908903122)","(199, 0.0130535326898098)"
"(12, 0.23873043060302734)","(0, 0.23670101165771484)","(205, 0.03013145923614502)","(209, 0.030117660760879517)","(204, 0.028626970946788788)","(201, 0.0272638201713562)","(199, 0.0230108592659235)","(206, 0.021586701273918152)","(208, 0.021452080458402634)","(202, 0.018345888704061508)"
"(12, 0.25278377532958984)","(0, 0.25075483322143555)","(209, 0.058524489402770996)","(201, 0.0344565212726593)","(210, 0.03194885700941086)","(205, 0.025374293327331543)","(202, 0.023668982088565826)","(206, 0.02257464826107025)","(204, 0.01835773140192032)","(198, 0.018157824873924255)"
"(0, 0.2562847137451172)","(12, 0.2541069984436035)","(209, 0.049118392169475555)","(201, 0.040221087634563446)","(205, 0.033644020557403564)","(206, 0.03147989511489868)","(211, 0.03127073496580124)","(199, 0.029545903205871582)","(208, 0.018595632165670395)","(210, 0.014804119244217873)"
"(0, 0.2459259033203125)","(12, 0.2442779541015625)","(209, 0.05586397275328636)","(201, 0.036169253289699554)","(212, 0.03581010550260544)","(205, 0.03261078894138336)","(211, 0.026492908596992493)","(206, 0.025247953832149506)","(210, 0.02331562712788582)","(208, 0.02044954150915146)"
"(0, 0.23706865310668945)","(12, 0.23609447479248047)","(212, 0.05400814116001129)","(213, 0.03819644823670387)","(201, 0.035959549248218536)","(209, 0.03326358646154404)","(208, 0.03136588633060455)","(200, 0.029497114941477776)","(205, 0.023089583963155746)","(210, 0.01900712586939335)"
"(12, 0.2151784896850586)","(0, 0.2121882438659668)","(214, 0.03216615319252014)","(202, 0.029328035190701485)","(212, 0.02685394510626793)","(201, 0.026368990540504456)","(204, 0.02223675698041916)","(205, 0.020920030772686005)","(193, 0.01860719732940197)","(209, 0.01823851279914379)"
"(12, 0.2760767936706543)","(0, 0.27089357376098633)","(215, 0.03648538887500763)","(212, 0.023203998804092407)","(202, 0.021176129579544067)","(205, 0.018556512892246246)","(201, 0.016301140189170837)","(209, 0.016148939728736877)","(214, 0.015309274196624756)","(213, 0.01360720582306385)"
"(12, 0.29680824279785156)","(0, 0.29251766204833984)","(215, 0.04639174044132233)","(214, 0.024356931447982788)","(216, 0.02069980651140213)","(209, 0.019262898713350296)","(201, 0.01695862226188183)","(212, 0.015995875000953674)","(202, 0.015455426648259163)","(205, 0.012857109308242798)"
"(12, 0.3012657165527344)","(0, 0.2955036163330078)","(215, 0.04230649769306183)","(214, 0.025083493441343307)","(217, 0.024974126368761063)","(209, 0.019326357170939445)","(202, 0.017512554302811623)","(201, 0.01681150682270527)","(205, 0.01312875747680664)","(212, 0.012900516390800476)"
"(12, 0.2981109619140625)","(0, 0.29297447204589844)","(215, 0.030759528279304504)","(218, 0.028644129633903503)","(201, 0.020434053614735603)","(214, 0.019261062145233154)","(209, 0.018476130440831184)","(202, 0.01715753972530365)","(198, 0.0157444067299366)","(205, 0.01465006172657013)"
"(12, 0.3181419372558594)","(0, 0.3145732879638672)","(218, 0.026553167030215263)","(219, 0.021702181547880173)","(215, 0.017874158918857574)","(209, 0.015719503164291382)","(205, 0.012598022818565369)","(214, 0.012543842196464539)","(201, 0.012106744572520256)","(202, 0.010918896645307541)"
"(12, 0.2988872528076172)","(0, 0.2929553985595703)","(220, 0.0204748697578907)","(219, 0.018646150827407837)","(215, 0.016062259674072266)","(218, 0.015080122277140617)","(209, 0.013789419084787369)","(205, 0.013081837445497513)","(212, 0.012869957834482193)","(202, 0.012361843138933182)"
"(12, 0.2614126205444336)","(0, 0.2565441131591797)","(221, 0.033830076456069946)","(205, 0.020222801715135574)","(218, 0.019449979066848755)","(215, 0.017497636377811432)","(212, 0.016770415008068085)","(209, 0.015747137367725372)","(202, 0.014816012233495712)","(219, 0.014022532850503922)"
"(12, 0.29216575622558594)","(0, 0.2868061065673828)","(221, 0.031291842460632324)","(222, 0.02601759135723114)","(219, 0.02043839916586876)","(218, 0.018119264394044876)","(205, 0.015654878690838814)","(215, 0.014264687895774841)","(220, 0.013441778719425201)","(214, 0.010646939277648926)"
"(12, 0.24285221099853516)","(0, 0.24047470092773438)","(222, 0.04202265292406082)","(223, 0.03196142986416817)","(221, 0.029507115483283997)","(202, 0.02193015068769455)","(191, 0.015219282358884811)","(208, 0.014263749122619629)","(215, 0.012774806469678879)","(189, 0.012651557102799416)"
"(12, 0.25629711151123047)","(0, 0.2516336441040039)","(202, 0.03043370693922043)","(224, 0.029526859521865845)","(215, 0.0167914479970932)","(182, 0.016733229160308838)","(176, 0.015320692211389542)","(173, 0.01430382952094078)","(221, 0.013090960681438446)","(209, 0.012911297380924225)"
